kanaal	counts
1	0
2	0
3	0
4	0
5	0
6	0
7	0
8	0
9	0
10	0
11	0
12	0
13	0
14	0
15	0
16	0
17	0
18	0
19	0
20	0
21	0
22	0
23	0
24	0
25	0
26	0
27	0
28	0
29	0
30	0
31	0
32	0
33	0
34	0
35	0
36	0
37	0
38	0
39	0
40	0
41	0
42	0
43	0
44	0
45	4
46	217
47	451
48	437
49	432
50	427
51	431
52	405
53	382
54	353
55	317
56	378
57	355
58	346
59	345
60	321
61	306
62	340
63	335
64	299
65	294
66	299
67	281
68	277
69	276
70	275
71	284
72	274
73	261
74	237
75	295
76	224
77	282
78	244
79	222
80	221
81	227
82	206
83	247
84	243
85	224
86	197
87	245
88	222
89	236
90	223
91	185
92	219
93	190
94	175
95	203
96	182
97	208
98	204
99	201
100	213
101	192
102	188
103	166
104	178
105	181
106	168
107	187
108	158
109	173
110	174
111	174
112	171
113	165
114	198
115	135
116	156
117	160
118	138
119	144
120	159
121	150
122	169
123	153
124	153
125	140
126	145
127	148
128	141
129	163
130	160
131	133
132	148
133	154
134	142
135	145
136	150
137	144
138	158
139	170
140	123
141	159
142	161
143	164
144	192
145	164
146	141
147	138
148	168
149	168
150	189
151	150
152	152
153	192
154	183
155	192
156	213
157	181
158	185
159	211
160	251
161	240
162	274
163	309
164	288
165	320
166	369
167	450
168	444
169	533
170	660
171	1238
172	6509
173	18772
174	17432
175	5092
176	660
177	144
178	117
179	95
180	68
181	43
182	53
183	30
184	35
185	31
186	33
187	25
188	18
189	28
190	26
191	19
192	27
193	14
194	29
195	30
196	17
197	28
198	9
199	11
200	16
201	17
202	15
203	19
204	20
205	12
206	13
207	19
208	13
209	24
210	11
211	12
212	16
213	21
214	18
215	10
216	15
217	11
218	10
219	16
220	10
221	13
222	14
223	12
224	10
225	6
226	8
227	14
228	9
229	10
230	15
231	12
232	10
233	15
234	11
235	13
236	18
237	12
238	15
239	12
240	13
241	8
242	10
243	12
244	7
245	19
246	6
247	14
248	11
249	18
250	11
251	9
252	9
253	6
254	7
255	11
256	11
257	13
258	14
259	13
260	9
261	8
262	8
263	9
264	7
265	15
266	7
267	10
268	13
269	11
270	7
271	16
272	7
273	15
274	7
275	13
276	11
277	11
278	9
279	10
280	13
281	15
282	18
283	13
284	15
285	21
286	16
287	20
288	23
289	65
290	118
291	65
292	27
293	14
294	7
295	16
296	19
297	21
298	9
299	15
300	26
301	76
302	104
303	66
304	8
305	8
306	12
307	15
308	14
309	9
310	18
311	7
312	11
313	15
314	10
315	12
316	10
317	11
318	11
319	10
320	19
321	9
322	8
323	11
324	14
325	15
326	12
327	14
328	7
329	12
330	20
331	11
332	17
333	13
334	16
335	14
336	18
337	12
338	12
339	9
340	11
341	10
342	11
343	19
344	7
345	22
346	17
347	20
348	12
349	20
350	13
351	12
352	7
353	9
354	9
355	5
356	10
357	6
358	15
359	4
360	11
361	17
362	9
363	14
364	12
365	11
366	14
367	20
368	29
369	22
370	13
371	2
372	13
373	6
374	12
375	5
376	7
377	6
378	4
379	4
380	17
381	8
382	6
383	18
384	3
385	5
386	13
387	6
388	7
389	5
390	8
391	10
392	7
393	7
394	6
395	9
396	10
397	5
398	6
399	3
400	14
401	8
402	11
403	9
404	7
405	10
406	3
407	4
408	9
409	5
410	5
411	2
412	5
413	3
414	10
415	1
416	9
417	5
418	5
419	7
420	9
421	6
422	4
423	10
424	5
425	5
426	5
427	9
428	9
429	7
430	10
431	7
432	11
433	7
434	10
435	10
436	6
437	9
438	7
439	5
440	11
441	7
442	8
443	9
444	4
445	10
446	11
447	2
448	5
449	4
450	5
451	3
452	7
453	9
454	4
455	4
456	5
457	5
458	7
459	5
460	8
461	4
462	8
463	8
464	3
465	1
466	6
467	7
468	10
469	10
470	3
471	6
472	5
473	5
474	6
475	6
476	5
477	3
478	9
479	8
480	7
481	8
482	6
483	3
484	9
485	5
486	6
487	9
488	8
489	8
490	3
491	6
492	10
493	2
494	6
495	6
496	3
497	8
498	9
499	6
500	6
501	4
502	10
503	6
504	6
505	7
506	5
507	4
508	5
509	8
510	5
511	3
512	8
513	9
514	4
515	5
516	1
517	6
518	10
519	4
520	4
521	8
522	7
523	6
524	9
525	7
526	8
527	5
528	6
529	4
530	5
531	7
532	3
533	10
534	7
535	7
536	10
537	4
538	12
539	7
540	13
541	5
542	3
543	6
544	4
545	5
546	5
547	4
548	7
549	9
550	2
551	3
552	5
553	4
554	4
555	5
556	4
557	3
558	7
559	3
560	3
561	7
562	3
563	5
564	7
565	6
566	6
567	7
568	3
569	4
570	6
571	7
572	2
573	6
574	9
575	2
576	5
577	5
578	4
579	6
580	6
581	5
582	3
583	10
584	6
585	3
586	6
587	4
588	4
589	1
590	8
591	4
592	4
593	9
594	8
595	4
596	2
597	1
598	3
599	4
600	5
601	3
602	4
603	8
604	6
605	4
606	3
607	4
608	7
609	9
610	3
611	8
612	8
613	10
614	4
615	10
616	2
617	6
618	6
619	5
620	5
621	4
622	2
623	8
624	7
625	9
626	2
627	5
628	3
629	7
630	3
631	5
632	8
633	3
634	5
635	3
636	6
637	2
638	4
639	3
640	2
641	4
642	3
643	4
644	5
645	3
646	1
647	2
648	1
649	3
650	4
651	5
652	6
653	5
654	6
655	3
656	0
657	3
658	4
659	3
660	4
661	8
662	3
663	6
664	4
665	3
666	3
667	5
668	2
669	4
670	7
671	5
672	3
673	3
674	0
675	7
676	2
677	6
678	4
679	5
680	4
681	7
682	4
683	1
684	3
685	2
686	5
687	4
688	1
689	4
690	3
691	3
692	3
693	2
694	10
695	0
696	3
697	2
698	4
699	5
700	3
701	2
702	10
703	11
704	7
705	7
706	1
707	8
708	1
709	7
710	3
711	6
712	3
713	5
714	6
715	4
716	1
717	3
718	1
719	2
720	2
721	1
722	6
723	6
724	2
725	5
726	1
727	4
728	1
729	1
730	4
731	1
732	1
733	1
734	2
735	2
736	1
737	1
738	3
739	2
740	1
741	3
742	3
743	2
744	4
745	2
746	1
747	3
748	1
749	3
750	6
751	3
752	6
753	2
754	1
755	2
756	4
757	5
758	4
759	2
760	1
761	5
762	0
763	3
764	1
765	3
766	5
767	1
768	2
769	3
770	2
771	2
772	3
773	2
774	4
775	3
776	2
777	4
778	1
779	0
780	3
781	2
782	1
783	7
784	2
785	3
786	3
787	2
788	3
789	1
790	2
791	5
792	1
793	3
794	4
795	4
796	1
797	2
798	3
799	2
800	5
801	1
802	3
803	5
804	6
805	3
806	0
807	3
808	3
809	4
810	2
811	3
812	4
813	4
814	4
815	2
816	1
817	2
818	2
819	3
820	4
821	1
822	3
823	2
824	1
825	4
826	1
827	4
828	3
829	3
830	4
831	5
832	4
833	4
834	2
835	4
836	5
837	2
838	6
839	1
840	2
841	1
842	2
843	2
844	3
845	1
846	4
847	4
848	3
849	2
850	2
851	5
852	4
853	4
854	2
855	2
856	1
857	1
858	4
859	0
860	1
861	3
862	3
863	2
864	1
865	0
866	1
867	0
868	2
869	1
870	8
871	8
872	4
873	7
874	2
875	1
876	0
877	0
878	3
879	1
880	1
881	1
882	2
883	0
884	2
885	0
886	3
887	3
888	1
889	1
890	2
891	2
892	2
893	0
894	3
895	3
896	3
897	2
898	0
899	3
900	0
901	0
902	2
903	4
904	2
905	1
906	1
907	0
908	2
909	0
910	1
911	5
912	0
913	1
914	2
915	1
916	3
917	2
918	2
919	5
920	5
921	2
922	1
923	0
924	2
925	2
926	2
927	2
928	2
929	2
930	4
931	1
932	1
933	2
934	2
935	2
936	1
937	2
938	2
939	3
940	2
941	1
942	0
943	1
944	1
945	0
946	1
947	2
948	3
949	2
950	4
951	1
952	1
953	2
954	5
955	2
956	1
957	3
958	0
959	4
960	3
961	1
962	1
963	3
964	5
965	1
966	7
967	1
968	0
969	2
970	2
971	0
972	2
973	3
974	3
975	4
976	1
977	2
978	3
979	2
980	3
981	5
982	1
983	1
984	1
985	0
986	2
987	3
988	2
989	3
990	3
991	1
992	4
993	2
994	2
995	3
996	0
997	5
998	1
999	2
1000	1
1001	2
1002	1
1003	0
1004	1
1005	2
1006	3
1007	1
1008	0
1009	0
1010	1
1011	4
1012	2
1013	1
1014	1
1015	1
1016	2
1017	2
1018	1
1019	2
1020	2
1021	3
1022	4
1023	2
1024	3
1025	2
1026	1
1027	1
1028	0
1029	3
1030	2
1031	2
1032	2
1033	0
1034	0
1035	2
1036	4
1037	4
1038	8
1039	3
1040	1
1041	3
1042	1
1043	0
1044	0
1045	1
1046	1
1047	5
1048	4
1049	2
1050	10
1051	5
1052	2
1053	3
1054	0
1055	1
1056	1
1057	1
1058	1
1059	1
1060	1
1061	0
1062	5
1063	0
1064	1
1065	1
1066	2
1067	2
1068	2
1069	0
1070	0
1071	1
1072	1
1073	1
1074	2
1075	0
1076	3
1077	4
1078	2
1079	2
1080	1
1081	0
1082	3
1083	2
1084	1
1085	1
1086	1
1087	1
1088	1
1089	1
1090	0
1091	4
1092	1
1093	0
1094	2
1095	1
1096	1
1097	1
1098	0
1099	3
1100	0
1101	1
1102	2
1103	3
1104	1
1105	1
1106	0
1107	0
1108	2
1109	3
1110	2
1111	3
1112	6
1113	5
1114	2
1115	2
1116	1
1117	4
1118	1
1119	0
1120	3
1121	1
1122	2
1123	0
1124	2
1125	2
1126	1
1127	1
1128	1
1129	0
1130	3
1131	1
1132	2
1133	1
1134	3
1135	1
1136	0
1137	2
1138	2
1139	1
1140	4
1141	1
1142	0
1143	1
1144	1
1145	1
1146	2
1147	0
1148	2
1149	2
1150	1
1151	1
1152	2
1153	1
1154	1
1155	1
1156	4
1157	0
1158	1
1159	2
1160	1
1161	0
1162	0
1163	2
1164	1
1165	1
1166	1
1167	1
1168	3
1169	0
1170	2
1171	1
1172	2
1173	1
1174	1
1175	0
1176	2
1177	1
1178	1
1179	1
1180	0
1181	1
1182	4
1183	0
1184	0
1185	0
1186	1
1187	1
1188	0
1189	3
1190	3
1191	4
1192	0
1193	0
1194	1
1195	2
1196	2
1197	2
1198	3
1199	0
1200	0
1201	1
1202	1
1203	1
1204	2
1205	0
1206	2
1207	0
1208	1
1209	1
1210	1
1211	0
1212	1
1213	0
1214	1
1215	0
1216	0
1217	2
1218	1
1219	1
1220	0
1221	2
1222	3
1223	1
1224	2
1225	2
1226	3
1227	1
1228	0
1229	1
1230	1
1231	0
1232	1
1233	2
1234	0
1235	1
1236	0
1237	0
1238	2
1239	0
1240	2
1241	0
1242	0
1243	2
1244	2
1245	1
1246	0
1247	0
1248	2
1249	0
1250	1
1251	2
1252	1
1253	0
1254	0
1255	1
1256	0
1257	1
1258	3
1259	0
1260	3
1261	0
1262	3
1263	1
1264	0
1265	2
1266	0
1267	1
1268	3
1269	0
1270	0
1271	0
1272	0
1273	1
1274	1
1275	0
1276	3
1277	1
1278	1
1279	1
1280	1
1281	2
1282	0
1283	1
1284	1
1285	1
1286	0
1287	1
1288	0
1289	3
1290	2
1291	0
1292	0
1293	0
1294	1
1295	1
1296	0
1297	1
1298	2
1299	1
1300	2
1301	0
1302	2
1303	0
1304	0
1305	0
1306	0
1307	0
1308	3
1309	1
1310	1
1311	1
1312	2
1313	0
1314	1
1315	0
1316	0
1317	0
1318	0
1319	2
1320	1
1321	1
1322	1
1323	2
1324	1
1325	1
1326	3
1327	1
1328	2
1329	2
1330	2
1331	0
1332	1
1333	1
1334	0
1335	2
1336	0
1337	1
1338	0
1339	0
1340	1
1341	1
1342	1
1343	1
1344	0
1345	1
1346	0
1347	0
1348	3
1349	0
1350	0
1351	0
1352	2
1353	0
1354	3
1355	0
1356	1
1357	2
1358	1
1359	0
1360	1
1361	0
1362	2
1363	1
1364	0
1365	2
1366	3
1367	2
1368	1
1369	1
1370	0
1371	0
1372	0
1373	1
1374	0
1375	1
1376	0
1377	0
1378	0
1379	0
1380	2
1381	1
1382	1
1383	1
1384	1
1385	1
1386	2
1387	0
1388	1
1389	0
1390	0
1391	2
1392	1
1393	1
1394	0
1395	1
1396	1
1397	1
1398	0
1399	1
1400	1
1401	0
1402	1
1403	0
1404	2
1405	1
1406	2
1407	1
1408	2
1409	2
1410	2
1411	1
1412	1
1413	1
1414	0
1415	1
1416	0
1417	2
1418	0
1419	1
1420	2
1421	0
1422	1
1423	0
1424	1
1425	1
1426	1
1427	1
1428	2
1429	0
1430	0
1431	2
1432	1
1433	0
1434	3
1435	0
1436	1
1437	1
1438	1
1439	0
1440	0
1441	0
1442	2
1443	1
1444	0
1445	0
1446	0
1447	1
1448	1
1449	3
1450	1
1451	2
1452	0
1453	0
1454	0
1455	1
1456	2
1457	2
1458	0
1459	0
1460	0
1461	3
1462	0
1463	0
1464	0
1465	1
1466	0
1467	1
1468	2
1469	1
1470	2
1471	0
1472	1
1473	1
1474	1
1475	1
1476	0
1477	3
1478	0
1479	2
1480	2
1481	1
1482	4
1483	0
1484	1
1485	0
1486	1
1487	0
1488	0
1489	2
1490	0
1491	0
1492	0
1493	1
1494	0
1495	0
1496	1
1497	0
1498	1
1499	0
1500	2
1501	0
1502	1
1503	0
1504	2
1505	0
1506	1
1507	3
1508	4
1509	4
1510	1
1511	4
1512	2
1513	1
1514	1
1515	3
1516	0
1517	0
1518	0
1519	1
1520	0
1521	0
1522	1
1523	1
1524	0
1525	1
1526	0
1527	0
1528	1
1529	0
1530	1
1531	0
1532	1
1533	1
1534	1
1535	0
1536	0
1537	2
1538	0
1539	1
1540	1
1541	3
1542	0
1543	0
1544	0
1545	1
1546	0
1547	0
1548	1
1549	3
1550	0
1551	1
1552	0
1553	0
1554	0
1555	0
1556	0
1557	2
1558	0
1559	2
1560	0
1561	0
1562	1
1563	0
1564	1
1565	2
1566	1
1567	1
1568	0
1569	0
1570	0
1571	0
1572	0
1573	1
1574	0
1575	0
1576	0
1577	1
1578	0
1579	0
1580	0
1581	1
1582	2
1583	0
1584	3
1585	1
1586	1
1587	0
1588	0
1589	2
1590	3
1591	0
1592	2
1593	0
1594	0
1595	0
1596	1
1597	0
1598	1
1599	0
1600	0
1601	1
1602	0
1603	0
1604	1
1605	1
1606	2
1607	3
1608	1
1609	1
1610	0
1611	0
1612	0
1613	0
1614	0
1615	0
1616	0
1617	0
1618	0
1619	0
1620	1
1621	0
1622	1
1623	0
1624	0
1625	0
1626	1
1627	0
1628	1
1629	1
1630	1
1631	1
1632	0
1633	2
1634	0
1635	0
1636	1
1637	0
1638	1
1639	0
1640	0
1641	0
1642	0
1643	1
1644	2
1645	0
1646	1
1647	1
1648	2
1649	1
1650	1
1651	0
1652	1
1653	1
1654	0
1655	0
1656	0
1657	1
1658	0
1659	0
1660	0
1661	0
1662	1
1663	3
1664	0
1665	0
1666	0
1667	1
1668	0
1669	2
1670	1
1671	2
1672	0
1673	0
1674	1
1675	1
1676	1
1677	0
1678	0
1679	0
1680	0
1681	0
1682	0
1683	1
1684	0
1685	0
1686	2
1687	0
1688	0
1689	0
1690	0
1691	0
1692	1
1693	0
1694	0
1695	1
1696	0
1697	0
1698	0
1699	0
1700	0
1701	1
1702	0
1703	0
1704	1
1705	1
1706	0
1707	1
1708	0
1709	2
1710	0
1711	1
1712	2
1713	1
1714	0
1715	2
1716	1
1717	1
1718	1
1719	0
1720	2
1721	2
1722	4
1723	4
1724	1
1725	0
1726	2
1727	0
1728	2
1729	0
1730	0
1731	0
1732	1
1733	2
1734	1
1735	1
1736	2
1737	1
1738	3
1739	2
1740	0
1741	1
1742	0
1743	0
1744	0
1745	0
1746	0
1747	2
1748	1
1749	0
1750	0
1751	0
1752	0
1753	0
1754	1
1755	1
1756	2
1757	0
1758	0
1759	0
1760	1
1761	1
1762	2
1763	0
1764	1
1765	1
1766	2
1767	1
1768	1
1769	2
1770	1
1771	2
1772	2
1773	1
1774	1
1775	0
1776	2
1777	0
1778	1
1779	0
1780	0
1781	1
1782	2
1783	0
1784	0
1785	0
1786	0
1787	1
1788	0
1789	0
1790	2
1791	1
1792	1
1793	1
1794	0
1795	1
1796	0
1797	3
1798	0
1799	10
1800	5
1801	7
1802	2
1803	3
1804	1
1805	0
1806	0
1807	1
1808	1
1809	0
1810	0
1811	0
1812	0
1813	0
1814	1
1815	0
1816	1
1817	0
1818	1
1819	0
1820	0
1821	0
1822	1
1823	1
1824	0
1825	0
1826	0
1827	2
1828	0
1829	0
1830	0
1831	0
1832	0
1833	0
1834	0
1835	1
1836	1
1837	1
1838	0
1839	1
1840	0
1841	1
1842	0
1843	0
1844	0
1845	0
1846	0
1847	0
1848	0
1849	2
1850	1
1851	1
1852	0
1853	1
1854	0
1855	0
1856	0
1857	1
1858	0
1859	0
1860	0
1861	0
1862	1
1863	0
1864	0
1865	0
1866	0
1867	2
1868	0
1869	1
1870	2
1871	0
1872	0
1873	0
1874	1
1875	0
1876	0
1877	1
1878	0
1879	1
1880	0
1881	0
1882	0
1883	0
1884	0
1885	0
1886	1
1887	0
1888	0
1889	0
1890	0
1891	2
1892	1
1893	1
1894	0
1895	0
1896	0
1897	1
1898	2
1899	1
1900	1
1901	2
1902	0
1903	0
1904	1
1905	1
1906	0
1907	0
1908	0
1909	0
1910	2
1911	1
1912	1
1913	1
1914	0
1915	0
1916	1
1917	1
1918	0
1919	0
1920	2
1921	0
1922	0
1923	0
1924	1
1925	0
1926	1
1927	2
1928	2
1929	1
1930	1
1931	2
1932	0
1933	0
1934	2
1935	0
1936	1
1937	0
1938	1
1939	0
1940	1
1941	2
1942	0
1943	1
1944	1
1945	0
1946	0
1947	0
1948	1
1949	1
1950	1
1951	1
1952	3
1953	2
1954	4
1955	2
1956	3
1957	2
1958	4
1959	1
1960	0
1961	0
1962	0
1963	0
1964	0
1965	1
1966	2
1967	0
1968	0
1969	0
1970	0
1971	1
1972	0
1973	0
1974	0
1975	1
1976	1
1977	0
1978	0
1979	1
1980	1
1981	0
1982	1
1983	0
1984	0
1985	0
1986	0
1987	1
1988	0
1989	1
1990	0
1991	0
1992	0
1993	2
1994	1
1995	0
1996	0
1997	0
1998	0
1999	0
2000	0
2001	1
2002	2
2003	0
2004	0
2005	0
2006	1
2007	0
2008	2
2009	0
2010	1
2011	0
2012	0
2013	0
2014	0
2015	0
2016	0
2017	1
2018	0
2019	0
2020	0
2021	0
2022	0
2023	1
2024	0
2025	0
2026	0
2027	0
2028	0
2029	0
2030	1
2031	0
2032	0
2033	0
2034	1
2035	1
2036	0
2037	1
2038	0
2039	1
2040	1
2041	0
2042	1
2043	1
2044	1
2045	0
2046	0
2047	2
2048	0
2049	0
2050	2
2051	0
2052	0
2053	0
2054	0
2055	1
2056	1
2057	1
2058	1
2059	0
2060	0
2061	1
2062	0
2063	0
2064	0
2065	0
2066	1
2067	0
2068	2
2069	1
2070	0
2071	1
2072	0
2073	1
2074	0
2075	0
2076	0
2077	0
2078	1
2079	0
2080	0
2081	0
2082	0
2083	1
2084	0
2085	0
2086	0
2087	1
2088	0
2089	0
2090	2
2091	1
2092	0
2093	0
2094	1
2095	1
2096	1
2097	0
2098	0
2099	0
2100	1
2101	0
2102	0
2103	0
2104	0
2105	1
2106	1
2107	0
2108	0
2109	0
2110	0
2111	0
2112	0
2113	0
2114	1
2115	0
2116	0
2117	1
2118	0
2119	0
2120	0
2121	0
2122	0
2123	0
2124	0
2125	0
2126	1
2127	1
2128	0
2129	3
2130	0
2131	0
2132	0
2133	0
2134	0
2135	1
2136	0
2137	1
2138	0
2139	1
2140	1
2141	0
2142	0
2143	0
2144	0
2145	0
2146	1
2147	0
2148	1
2149	1
2150	0
2151	0
2152	1
2153	0
2154	0
2155	0
2156	1
2157	0
2158	0
2159	0
2160	0
2161	0
2162	2
2163	1
2164	1
2165	0
2166	1
2167	1
2168	0
2169	0
2170	0
2171	0
2172	0
2173	0
2174	0
2175	0
2176	2
2177	1
2178	1
2179	1
2180	0
2181	0
2182	0
2183	1
2184	0
2185	0
2186	0
2187	0
2188	0
2189	0
2190	0
2191	0
2192	0
2193	1
2194	0
2195	0
2196	0
2197	0
2198	0
2199	0
2200	2
2201	0
2202	0
2203	0
2204	0
2205	1
2206	0
2207	0
2208	0
2209	0
2210	1
2211	0
2212	1
2213	1
2214	1
2215	1
2216	0
2217	0
2218	0
2219	1
2220	0
2221	0
2222	0
2223	0
2224	0
2225	0
2226	1
2227	0
2228	0
2229	0
2230	1
2231	1
2232	0
2233	0
2234	0
2235	0
2236	0
2237	0
2238	0
2239	1
2240	1
2241	0
2242	0
2243	1
2244	1
2245	0
2246	0
2247	0
2248	0
2249	0
2250	0
2251	1
2252	2
2253	0
2254	0
2255	1
2256	0
2257	0
2258	0
2259	1
2260	0
2261	0
2262	0
2263	2
2264	1
2265	0
2266	1
2267	0
2268	0
2269	1
2270	1
2271	2
2272	0
2273	0
2274	0
2275	1
2276	0
2277	0
2278	1
2279	1
2280	0
2281	0
2282	0
2283	0
2284	0
2285	0
2286	0
2287	0
2288	0
2289	0
2290	1
2291	1
2292	1
2293	0
2294	1
2295	0
2296	0
2297	0
2298	0
2299	0
2300	1
2301	0
2302	1
2303	0
2304	0
2305	0
2306	0
2307	0
2308	0
2309	0
2310	1
2311	0
2312	0
2313	0
2314	0
2315	0
2316	1
2317	0
2318	0
2319	1
2320	2
2321	1
2322	0
2323	1
2324	0
2325	0
2326	0
2327	0
2328	0
2329	0
2330	0
2331	0
2332	0
2333	0
2334	0
2335	0
2336	2
2337	1
2338	0
2339	0
2340	0
2341	1
2342	0
2343	0
2344	0
2345	2
2346	0
2347	0
2348	1
2349	0
2350	0
2351	0
2352	0
2353	1
2354	0
2355	0
2356	0
2357	0
2358	0
2359	0
2360	0
2361	1
2362	0
2363	0
2364	0
2365	0
2366	0
2367	0
2368	1
2369	0
2370	0
2371	1
2372	0
2373	0
2374	0
2375	0
2376	0
2377	1
2378	1
2379	0
2380	1
2381	0
2382	0
2383	1
2384	0
2385	0
2386	2
2387	0
2388	0
2389	1
2390	0
2391	1
2392	0
2393	0
2394	0
2395	0
2396	1
2397	0
2398	0
2399	0
2400	0
2401	0
2402	0
2403	1
2404	0
2405	0
2406	0
2407	0
2408	0
2409	0
2410	0
2411	0
2412	0
2413	2
2414	0
2415	1
2416	0
2417	0
2418	1
2419	1
2420	1
2421	0
2422	0
2423	0
2424	0
2425	0
2426	0
2427	0
2428	1
2429	0
2430	0
2431	0
2432	0
2433	0
2434	1
2435	0
2436	0
2437	0
2438	0
2439	0
2440	0
2441	0
2442	1
2443	0
2444	0
2445	0
2446	0
2447	0
2448	1
2449	0
2450	0
2451	0
2452	0
2453	0
2454	0
2455	1
2456	1
2457	0
2458	0
2459	0
2460	0
2461	0
2462	0
2463	0
2464	1
2465	1
2466	0
2467	0
2468	1
2469	0
2470	0
2471	0
2472	0
2473	0
2474	0
2475	0
2476	0
2477	1
2478	0
2479	1
2480	1
2481	0
2482	0
2483	0
2484	0
2485	0
2486	1
2487	1
2488	0
2489	0
2490	0
2491	0
2492	0
2493	0
2494	0
2495	0
2496	0
2497	0
2498	0
2499	0
2500	1
2501	0
2502	0
2503	0
2504	0
2505	0
2506	1
2507	0
2508	0
2509	0
2510	1
2511	0
2512	0
2513	0
2514	0
2515	0
2516	0
2517	0
2518	0
2519	0
2520	0
2521	0
2522	1
2523	0
2524	0
2525	0
2526	1
2527	0
2528	0
2529	1
2530	0
2531	0
2532	1
2533	0
2534	1
2535	0
2536	0
2537	0
2538	1
2539	2
2540	0
2541	0
2542	0
2543	2
2544	0
2545	0
2546	0
2547	0
2548	0
2549	0
2550	0
2551	0
2552	0
2553	0
2554	0
2555	0
2556	0
2557	0
2558	0
2559	1
2560	2
2561	1
2562	1
2563	0
2564	0
2565	0
2566	1
2567	0
2568	0
2569	0
2570	0
2571	1
2572	0
2573	0
2574	0
2575	0
2576	0
2577	0
2578	0
2579	1
2580	1
2581	1
2582	0
2583	0
2584	0
2585	0
2586	1
2587	0
2588	2
2589	0
2590	1
2591	0
2592	0
2593	0
2594	0
2595	0
2596	0
2597	1
2598	0
2599	1
2600	0
2601	0
2602	0
2603	0
2604	0
2605	0
2606	0
2607	1
2608	0
2609	1
2610	1
2611	0
2612	0
2613	0
2614	1
2615	0
2616	0
2617	0
2618	0
2619	1
2620	0
2621	0
2622	0
2623	0
2624	0
2625	1
2626	1
2627	0
2628	0
2629	0
2630	0
2631	1
2632	0
2633	1
2634	1
2635	0
2636	0
2637	0
2638	0
2639	0
2640	0
2641	0
2642	0
2643	0
2644	0
2645	0
2646	0
2647	0
2648	0
2649	0
2650	1
2651	0
2652	1
2653	0
2654	0
2655	0
2656	1
2657	0
2658	0
2659	1
2660	1
2661	0
2662	0
2663	0
2664	0
2665	0
2666	0
2667	1
2668	0
2669	0
2670	1
2671	0
2672	0
2673	0
2674	1
2675	0
2676	0
2677	1
2678	0
2679	0
2680	0
2681	0
2682	0
2683	0
2684	0
2685	0
2686	1
2687	0
2688	0
2689	0
2690	0
2691	1
2692	1
2693	0
2694	2
2695	3
2696	0
2697	0
2698	0
2699	0
2700	0
2701	1
2702	2
2703	0
2704	0
2705	0
2706	0
2707	1
2708	0
2709	0
2710	0
2711	0
2712	0
2713	0
2714	0
2715	0
2716	0
2717	0
2718	1
2719	0
2720	0
2721	0
2722	1
2723	0
2724	0
2725	1
2726	0
2727	0
2728	0
2729	0
2730	0
2731	0
2732	1
2733	0
2734	0
2735	0
2736	0
2737	0
2738	0
2739	0
2740	1
2741	0
2742	1
2743	0
2744	0
2745	0
2746	1
2747	0
2748	2
2749	0
2750	0
2751	0
2752	0
2753	0
2754	0
2755	0
2756	1
2757	1
2758	0
2759	0
2760	0
2761	1
2762	2
2763	0
2764	0
2765	1
2766	1
2767	0
2768	0
2769	0
2770	0
2771	0
2772	0
2773	0
2774	0
2775	0
2776	1
2777	0
2778	0
2779	0
2780	1
2781	0
2782	0
2783	0
2784	0
2785	1
2786	0
2787	0
2788	0
2789	1
2790	1
2791	0
2792	0
2793	0
2794	0
2795	2
2796	0
2797	0
2798	1
2799	0
2800	1
2801	0
2802	0
2803	0
2804	1
2805	1
2806	0
2807	2
2808	0
2809	1
2810	1
2811	0
2812	0
2813	0
2814	0
2815	0
2816	0
2817	0
2818	0
2819	0
2820	0
2821	0
2822	0
2823	1
2824	0
2825	0
2826	0
2827	0
2828	0
2829	0
2830	0
2831	0
2832	1
2833	0
2834	0
2835	0
2836	1
2837	0
2838	1
2839	0
2840	2
2841	0
2842	1
2843	0
2844	0
2845	0
2846	0
2847	0
2848	0
2849	0
2850	0
2851	0
2852	0
2853	0
2854	1
2855	0
2856	0
2857	0
2858	0
2859	0
2860	1
2861	0
2862	1
2863	2
2864	1
2865	0
2866	1
2867	0
2868	0
2869	0
2870	0
2871	0
2872	0
2873	1
2874	0
2875	1
2876	0
2877	0
2878	0
2879	0
2880	1
2881	0
2882	1
2883	0
2884	0
2885	0
2886	1
2887	0
2888	0
2889	1
2890	1
2891	0
2892	0
2893	0
2894	0
2895	0
2896	0
2897	0
2898	0
2899	1
2900	2
2901	1
2902	0
2903	0
2904	0
2905	1
2906	1
2907	0
2908	1
2909	0
2910	0
2911	0
2912	0
2913	0
2914	0
2915	0
2916	0
2917	1
2918	1
2919	0
2920	1
2921	1
2922	0
2923	1
2924	1
2925	0
2926	0
2927	0
2928	0
2929	0
2930	0
2931	0
2932	0
2933	0
2934	0
2935	0
2936	1
2937	0
2938	0
2939	0
2940	0
2941	0
2942	0
2943	1
2944	1
2945	0
2946	1
2947	2
2948	1
2949	0
2950	0
2951	0
2952	0
2953	0
2954	0
2955	0
2956	0
2957	2
2958	0
2959	0
2960	0
2961	1
2962	0
2963	0
2964	0
2965	0
2966	0
2967	0
2968	1
2969	0
2970	0
2971	0
2972	0
2973	1
2974	0
2975	0
2976	0
2977	0
2978	0
2979	0
2980	0
2981	1
2982	0
2983	0
2984	0
2985	0
2986	0
2987	0
2988	0
2989	0
2990	0
2991	0
2992	0
2993	0
2994	0
2995	0
2996	0
2997	0
2998	1
2999	0
3000	0
3001	0
3002	0
3003	0
3004	0
3005	0
3006	0
3007	0
3008	0
3009	0
3010	0
3011	0
3012	1
3013	0
3014	0
3015	0
3016	0
3017	0
3018	0
3019	0
3020	1
3021	0
3022	0
3023	0
3024	0
3025	0
3026	1
3027	0
3028	0
3029	1
3030	0
3031	0
3032	0
3033	0
3034	1
3035	1
3036	0
3037	0
3038	0
3039	0
3040	1
3041	0
3042	0
3043	0
3044	0
3045	1
3046	0
3047	0
3048	0
3049	0
3050	0
3051	0
3052	0
3053	0
3054	0
3055	1
3056	0
3057	0
3058	0
3059	1
3060	0
3061	1
3062	0
3063	0
3064	0
3065	0
3066	1
3067	1
3068	0
3069	0
3070	0
3071	0
3072	0
3073	0
3074	0
3075	0
3076	1
3077	0
3078	0
3079	0
3080	0
3081	1
3082	0
3083	0
3084	0
3085	0
3086	0
3087	0
3088	0
3089	0
3090	0
3091	0
3092	0
3093	0
3094	0
3095	0
3096	0
3097	1
3098	0
3099	0
3100	1
3101	0
3102	0
3103	0
3104	0
3105	1
3106	0
3107	1
3108	1
3109	2
3110	0
3111	0
3112	1
3113	0
3114	0
3115	0
3116	0
3117	0
3118	0
3119	0
3120	0
3121	0
3122	0
3123	1
3124	0
3125	0
3126	0
3127	0
3128	0
3129	0
3130	0
3131	0
3132	0
3133	0
3134	0
3135	0
3136	0
3137	1
3138	0
3139	0
3140	0
3141	1
3142	2
3143	0
3144	0
3145	1
3146	0
3147	1
3148	0
3149	0
3150	1
3151	0
3152	1
3153	0
3154	1
3155	0
3156	1
3157	0
3158	0
3159	0
3160	1
3161	0
3162	1
3163	1
3164	0
3165	0
3166	1
3167	0
3168	0
3169	0
3170	1
3171	0
3172	0
3173	0
3174	1
3175	0
3176	0
3177	1
3178	0
3179	1
3180	0
3181	0
3182	0
3183	1
3184	0
3185	0
3186	1
3187	1
3188	0
3189	0
3190	0
3191	0
3192	0
3193	1
3194	0
3195	1
3196	0
3197	1
3198	0
3199	0
3200	0
3201	0
3202	0
3203	1
3204	0
3205	0
3206	0
3207	0
3208	0
3209	0
3210	0
3211	0
3212	0
3213	0
3214	1
3215	0
3216	0
3217	0
3218	0
3219	1
3220	1
3221	0
3222	1
3223	0
3224	0
3225	0
3226	0
3227	0
3228	0
3229	0
3230	0
3231	0
3232	0
3233	0
3234	0
3235	0
3236	0
3237	1
3238	0
3239	0
3240	0
3241	1
3242	0
3243	0
3244	0
3245	0
3246	0
3247	0
3248	0
3249	0
3250	0
3251	0
3252	0
3253	1
3254	0
3255	0
3256	1
3257	0
3258	0
3259	0
3260	0
3261	0
3262	0
3263	0
3264	1
3265	1
3266	0
3267	0
3268	0
3269	0
3270	0
3271	0
3272	0
3273	0
3274	1
3275	0
3276	0
3277	0
3278	0
3279	1
3280	0
3281	0
3282	1
3283	0
3284	0
3285	0
3286	0
3287	0
3288	0
3289	0
3290	0
3291	0
3292	1
3293	0
3294	0
3295	2
3296	0
3297	1
3298	0
3299	0
3300	0
3301	1
3302	0
3303	0
3304	0
3305	0
3306	1
3307	0
3308	1
3309	2
3310	2
3311	1
3312	0
3313	1
3314	0
3315	2
3316	0
3317	0
3318	0
3319	0
3320	0
3321	0
3322	1
3323	0
3324	0
3325	0
3326	0
3327	0
3328	0
3329	1
3330	0
3331	0
3332	0
3333	0
3334	0
3335	0
3336	0
3337	0
3338	0
3339	1
3340	0
3341	0
3342	0
3343	0
3344	0
3345	0
3346	0
3347	0
3348	0
3349	0
3350	0
3351	0
3352	0
3353	2
3354	0
3355	0
3356	0
3357	1
3358	2
3359	0
3360	0
3361	0
3362	0
3363	0
3364	0
3365	1
3366	0
3367	0
3368	0
3369	1
3370	0
3371	0
3372	0
3373	0
3374	3
3375	0
3376	0
3377	0
3378	0
3379	0
3380	0
3381	0
3382	0
3383	0
3384	0
3385	0
3386	0
3387	0
3388	0
3389	0
3390	1
3391	0
3392	0
3393	0
3394	0
3395	0
3396	0
3397	0
3398	0
3399	0
3400	0
3401	1
3402	0
3403	0
3404	0
3405	0
3406	0
3407	1
3408	0
3409	2
3410	1
3411	0
3412	0
3413	0
3414	0
3415	0
3416	2
3417	1
3418	0
3419	1
3420	0
3421	0
3422	0
3423	0
3424	1
3425	0
3426	0
3427	0
3428	0
3429	1
3430	0
3431	0
3432	0
3433	1
3434	1
3435	0
3436	0
3437	1
3438	0
3439	1
3440	0
3441	0
3442	0
3443	0
3444	0
3445	0
3446	0
3447	0
3448	1
3449	0
3450	0
3451	0
3452	1
3453	0
3454	0
3455	0
3456	1
3457	0
3458	0
3459	0
3460	1
3461	0
3462	0
3463	0
3464	1
3465	1
3466	2
3467	1
3468	0
3469	3
3470	0
3471	0
3472	1
3473	1
3474	0
3475	0
3476	0
3477	0
3478	0
3479	0
3480	0
3481	0
3482	0
3483	0
3484	0
3485	0
3486	0
3487	0
3488	1
3489	1
3490	0
3491	0
3492	0
3493	0
3494	1
3495	0
3496	0
3497	0
3498	0
3499	0
3500	0
3501	0
3502	0
3503	0
3504	0
3505	0
3506	1
3507	0
3508	2
3509	0
3510	1
3511	1
3512	0
3513	0
3514	0
3515	0
3516	0
3517	1
3518	0
3519	0
3520	1
3521	1
3522	0
3523	0
3524	0
3525	0
3526	0
3527	0
3528	0
3529	0
3530	0
3531	0
3532	0
3533	0
3534	0
3535	0
3536	0
3537	0
3538	1
3539	0
3540	1
3541	0
3542	0
3543	0
3544	1
3545	0
3546	0
3547	0
3548	2
3549	0
3550	0
3551	0
3552	0
3553	0
3554	0
3555	0
3556	0
3557	0
3558	0
3559	0
3560	0
3561	0
3562	0
3563	0
3564	0
3565	0
3566	0
3567	0
3568	1
3569	0
3570	1
3571	0
3572	0
3573	1
3574	1
3575	0
3576	0
3577	0
3578	0
3579	0
3580	0
3581	0
3582	0
3583	0
3584	0
3585	1
3586	0
3587	0
3588	0
3589	0
3590	0
3591	0
3592	0
3593	0
3594	0
3595	0
3596	0
3597	1
3598	0
3599	0
3600	0
3601	0
3602	0
3603	1
3604	0
3605	0
3606	0
3607	0
3608	0
3609	0
3610	1
3611	0
3612	0
3613	0
3614	0
3615	0
3616	0
3617	0
3618	0
3619	0
3620	0
3621	1
3622	0
3623	1
3624	0
3625	0
3626	1
3627	0
3628	0
3629	0
3630	0
3631	1
3632	0
3633	0
3634	0
3635	0
3636	0
3637	0
3638	0
3639	0
3640	0
3641	0
3642	0
3643	0
3644	0
3645	0
3646	0
3647	0
3648	1
3649	0
3650	0
3651	0
3652	0
3653	0
3654	1
3655	0
3656	0
3657	1
3658	0
3659	0
3660	0
3661	0
3662	1
3663	0
3664	1
3665	1
3666	0
3667	1
3668	0
3669	1
3670	1
3671	0
3672	1
3673	0
3674	0
3675	0
3676	0
3677	0
3678	0
3679	0
3680	0
3681	0
3682	0
3683	1
3684	0
3685	0
3686	0
3687	1
3688	0
3689	0
3690	0
3691	0
3692	0
3693	0
3694	0
3695	0
3696	0
3697	0
3698	0
3699	0
3700	0
3701	0
3702	0
3703	0
3704	0
3705	0
3706	1
3707	2
3708	0
3709	0
3710	0
3711	0
3712	0
3713	0
3714	0
3715	0
3716	0
3717	0
3718	0
3719	0
3720	0
3721	0
3722	0
3723	1
3724	1
3725	0
3726	0
3727	0
3728	0
3729	0
3730	0
3731	0
3732	0
3733	0
3734	0
3735	1
3736	0
3737	0
3738	0
3739	0
3740	0
3741	1
3742	0
3743	0
3744	0
3745	0
3746	0
3747	1
3748	0
3749	0
3750	0
3751	0
3752	0
3753	0
3754	0
3755	1
3756	0
3757	0
3758	0
3759	1
3760	1
3761	0
3762	0
3763	0
3764	0
3765	0
3766	0
3767	0
3768	1
3769	0
3770	0
3771	2
3772	0
3773	0
3774	0
3775	0
3776	1
3777	0
3778	0
3779	0
3780	0
3781	0
3782	0
3783	0
3784	0
3785	0
3786	0
3787	0
3788	0
3789	0
3790	0
3791	0
3792	0
3793	0
3794	0
3795	0
3796	1
3797	0
3798	0
3799	0
3800	0
3801	0
3802	0
3803	0
3804	0
3805	0
3806	0
3807	0
3808	0
3809	0
3810	0
3811	0
3812	2
3813	0
3814	1
3815	0
3816	0
3817	0
3818	0
3819	0
3820	0
3821	1
3822	0
3823	2
3824	0
3825	0
3826	0
3827	0
3828	0
3829	0
3830	0
3831	0
3832	0
3833	0
3834	0
3835	0
3836	0
3837	0
3838	0
3839	0
3840	0
3841	0
3842	0
3843	0
3844	0
3845	0
3846	0
3847	0
3848	0
3849	0
3850	0
3851	0
3852	1
3853	0
3854	0
3855	0
3856	0
3857	0
3858	0
3859	1
3860	0
3861	0
3862	0
3863	0
3864	0
3865	0
3866	0
3867	0
3868	1
3869	0
3870	0
3871	0
3872	0
3873	0
3874	1
3875	1
3876	0
3877	0
3878	0
3879	0
3880	0
3881	0
3882	0
3883	0
3884	0
3885	0
3886	0
3887	0
3888	0
3889	0
3890	0
3891	0
3892	2
3893	0
3894	0
3895	0
3896	0
3897	0
3898	0
3899	0
3900	0
3901	0
3902	0
3903	0
3904	0
3905	0
3906	0
3907	0
3908	0
3909	0
3910	0
3911	1
3912	0
3913	0
3914	0
3915	0
3916	0
3917	0
3918	0
3919	0
3920	0
3921	0
3922	0
3923	0
3924	0
3925	0
3926	0
3927	0
3928	0
3929	0
3930	0
3931	0
3932	0
3933	0
3934	0
3935	1
3936	0
3937	1
3938	1
3939	1
3940	1
3941	0
3942	1
3943	0
3944	0
3945	0
3946	0
3947	0
3948	1
3949	0
3950	0
3951	0
3952	0
3953	0
3954	0
3955	0
3956	0
3957	0
3958	0
3959	1
3960	0
3961	0
3962	0
3963	0
3964	0
3965	0
3966	0
3967	0
3968	0
3969	0
3970	0
3971	0
3972	0
3973	0
3974	0
3975	0
3976	0
3977	0
3978	0
3979	0
3980	0
3981	0
3982	0
3983	1
3984	0
3985	0
3986	0
3987	0
3988	0
3989	0
3990	0
3991	0
3992	0
3993	0
3994	0
3995	1
3996	0
3997	0
3998	0
3999	0
4000	0
4001	0
4002	0
4003	0
4004	0
4005	0
4006	0
4007	0
4008	0
4009	0
4010	0
4011	0
4012	0
4013	0
4014	0
4015	0
4016	0
4017	0
4018	0
4019	0
4020	0
4021	0
4022	0
4023	0
4024	0
4025	0
4026	0
4027	0
4028	0
4029	1
4030	0
4031	0
4032	0
4033	0
4034	0
4035	1
4036	0
4037	0
4038	0
4039	1
4040	0
4041	0
4042	0
4043	0
4044	0
4045	0
4046	0
4047	0
4048	0
4049	0
4050	0
4051	0
4052	0
4053	0
4054	0
4055	0
4056	0
4057	0
4058	1
4059	0
4060	0
4061	0
4062	0
4063	0
4064	0
4065	0
4066	0
4067	0
4068	0
4069	0
4070	0
4071	0
4072	1
4073	0
4074	0
4075	1
4076	0
4077	0
4078	0
4079	0
4080	0
4081	0
4082	0
4083	1
4084	1
4085	0
4086	0
4087	0
4088	0
4089	0
4090	0
4091	0
4092	0
4093	0
4094	0
4095	1
4096	0
