kanaal	counts
1	0
2	0
3	0
4	0
5	0
6	0
7	0
8	0
9	0
10	0
11	0
12	0
13	0
14	0
15	0
16	0
17	0
18	0
19	0
20	0
21	0
22	0
23	0
24	0
25	0
26	0
27	0
28	0
29	0
30	0
31	0
32	0
33	0
34	0
35	0
36	0
37	0
38	0
39	0
40	0
41	0
42	0
43	0
44	3
45	7
46	224
47	375
48	321
49	319
50	286
51	354
52	314
53	321
54	343
55	315
56	314
57	320
58	296
59	309
60	293
61	304
62	304
63	280
64	279
65	296
66	297
67	288
68	273
69	281
70	293
71	287
72	266
73	286
74	267
75	250
76	257
77	277
78	250
79	277
80	267
81	284
82	268
83	265
84	280
85	249
86	274
87	240
88	239
89	234
90	240
91	276
92	243
93	256
94	238
95	239
96	233
97	252
98	204
99	250
100	231
101	250
102	238
103	255
104	236
105	240
106	216
107	225
108	253
109	238
110	261
111	226
112	228
113	244
114	240
115	196
116	201
117	214
118	215
119	229
120	224
121	245
122	222
123	238
124	216
125	232
126	232
127	230
128	208
129	199
130	227
131	228
132	222
133	200
134	215
135	205
136	209
137	241
138	221
139	204
140	187
141	210
142	204
143	228
144	227
145	194
146	192
147	241
148	221
149	221
150	180
151	205
152	188
153	211
154	218
155	262
156	222
157	223
158	204
159	203
160	220
161	201
162	210
163	198
164	197
165	211
166	198
167	183
168	229
169	215
170	216
171	197
172	221
173	228
174	215
175	227
176	190
177	236
178	206
179	200
180	200
181	229
182	193
183	234
184	230
185	193
186	234
187	209
188	186
189	224
190	230
191	215
192	231
193	225
194	241
195	240
196	230
197	228
198	235
199	233
200	223
201	225
202	211
203	238
204	220
205	242
206	213
207	202
208	226
209	237
210	225
211	257
212	244
213	263
214	214
215	268
216	251
217	272
218	276
219	298
220	281
221	297
222	286
223	281
224	294
225	321
226	316
227	321
228	327
229	341
230	390
231	500
232	905
233	1071
234	852
235	1920
236	7111
237	10042
238	5070
239	933
240	226
241	186
242	179
243	203
244	177
245	162
246	185
247	193
248	198
249	177
250	168
251	181
252	175
253	163
254	190
255	177
256	181
257	181
258	177
259	162
260	175
261	162
262	178
263	175
264	187
265	159
266	160
267	157
268	169
269	175
270	177
271	157
272	155
273	166
274	154
275	179
276	145
277	182
278	184
279	165
280	164
281	188
282	180
283	174
284	176
285	162
286	183
287	133
288	165
289	170
290	192
291	172
292	191
293	165
294	169
295	170
296	186
297	159
298	156
299	167
300	195
301	162
302	170
303	167
304	181
305	200
306	180
307	197
308	183
309	204
310	164
311	172
312	168
313	155
314	156
315	166
316	184
317	172
318	175
319	170
320	190
321	176
322	197
323	196
324	161
325	178
326	195
327	168
328	175
329	170
330	204
331	174
332	169
333	187
334	181
335	203
336	170
337	167
338	174
339	186
340	155
341	157
342	188
343	200
344	200
345	171
346	195
347	183
348	213
349	185
350	176
351	177
352	189
353	166
354	181
355	170
356	175
357	208
358	174
359	182
360	185
361	192
362	175
363	168
364	186
365	191
366	178
367	180
368	187
369	194
370	224
371	178
372	173
373	197
374	203
375	193
376	186
377	219
378	179
379	215
380	228
381	198
382	190
383	198
384	203
385	197
386	218
387	192
388	198
389	208
390	224
391	225
392	189
393	204
394	210
395	201
396	175
397	201
398	199
399	236
400	208
401	211
402	208
403	208
404	199
405	193
406	226
407	216
408	202
409	217
410	241
411	227
412	243
413	222
414	218
415	214
416	221
417	249
418	230
419	236
420	216
421	243
422	267
423	233
424	228
425	241
426	237
427	226
428	214
429	212
430	212
431	248
432	217
433	226
434	228
435	265
436	221
437	238
438	231
439	267
440	268
441	251
442	241
443	292
444	255
445	237
446	254
447	261
448	221
449	285
450	253
451	270
452	269
453	243
454	234
455	255
456	243
457	228
458	294
459	244
460	258
461	271
462	239
463	252
464	224
465	233
466	270
467	278
468	225
469	242
470	273
471	410
472	608
473	518
474	333
475	256
476	231
477	246
478	213
479	219
480	245
481	226
482	222
483	238
484	231
485	241
486	230
487	239
488	225
489	214
490	215
491	215
492	235
493	235
494	222
495	188
496	224
497	208
498	231
499	183
500	201
501	214
502	225
503	188
504	191
505	204
506	186
507	208
508	202
509	221
510	195
511	196
512	209
513	198
514	213
515	173
516	210
517	211
518	199
519	192
520	213
521	203
522	206
523	168
524	195
525	173
526	207
527	186
528	227
529	189
530	203
531	214
532	202
533	192
534	195
535	178
536	222
537	211
538	211
539	212
540	203
541	200
542	202
543	179
544	175
545	206
546	205
547	171
548	172
549	220
550	204
551	191
552	192
553	240
554	201
555	230
556	177
557	190
558	204
559	248
560	204
561	180
562	207
563	203
564	193
565	206
566	211
567	200
568	218
569	201
570	225
571	207
572	206
573	202
574	206
575	217
576	200
577	200
578	209
579	236
580	178
581	217
582	171
583	194
584	216
585	221
586	223
587	192
588	216
589	228
590	192
591	202
592	208
593	196
594	186
595	208
596	215
597	202
598	200
599	193
600	213
601	200
602	186
603	221
604	186
605	199
606	223
607	182
608	199
609	171
610	199
611	203
612	156
613	176
614	158
615	163
616	135
617	168
618	180
619	140
620	155
621	155
622	161
623	150
624	141
625	165
626	144
627	162
628	166
629	158
630	164
631	144
632	138
633	157
634	134
635	162
636	148
637	144
638	129
639	160
640	134
641	154
642	131
643	127
644	129
645	130
646	129
647	141
648	123
649	151
650	145
651	139
652	116
653	110
654	125
655	137
656	222
657	307
658	308
659	198
660	135
661	122
662	112
663	120
664	129
665	135
666	125
667	117
668	99
669	118
670	121
671	119
672	136
673	110
674	115
675	99
676	101
677	111
678	118
679	110
680	108
681	120
682	131
683	93
684	106
685	112
686	87
687	96
688	107
689	100
690	97
691	114
692	109
693	115
694	124
695	115
696	95
697	102
698	88
699	113
700	96
701	101
702	111
703	114
704	118
705	86
706	96
707	83
708	94
709	95
710	96
711	97
712	104
713	125
714	108
715	82
716	84
717	86
718	97
719	88
720	82
721	110
722	87
723	89
724	107
725	112
726	101
727	95
728	96
729	106
730	77
731	97
732	90
733	104
734	87
735	84
736	87
737	90
738	90
739	76
740	104
741	91
742	100
743	72
744	85
745	103
746	93
747	84
748	74
749	87
750	88
751	82
752	97
753	86
754	82
755	88
756	98
757	85
758	82
759	77
760	74
761	87
762	87
763	65
764	100
765	64
766	89
767	65
768	91
769	77
770	81
771	88
772	72
773	73
774	86
775	76
776	74
777	92
778	79
779	79
780	87
781	86
782	71
783	84
784	82
785	88
786	87
787	77
788	90
789	89
790	87
791	82
792	95
793	85
794	80
795	75
796	84
797	82
798	81
799	78
800	70
801	75
802	93
803	86
804	65
805	76
806	87
807	60
808	69
809	86
810	84
811	98
812	266
813	932
814	2074
815	2430
816	1400
817	447
818	136
819	78
820	69
821	82
822	73
823	63
824	75
825	78
826	71
827	72
828	74
829	65
830	59
831	64
832	76
833	63
834	80
835	72
836	91
837	93
838	77
839	56
840	70
841	73
842	71
843	70
844	67
845	63
846	66
847	77
848	65
849	90
850	59
851	67
852	55
853	78
854	80
855	82
856	67
857	75
858	53
859	65
860	78
861	77
862	66
863	61
864	73
865	83
866	77
867	55
868	61
869	88
870	61
871	75
872	71
873	71
874	68
875	66
876	75
877	88
878	75
879	69
880	75
881	72
882	76
883	61
884	80
885	64
886	55
887	75
888	71
889	105
890	375
891	1670
892	4132
893	5672
894	3752
895	1361
896	292
897	102
898	63
899	68
900	69
901	45
902	64
903	62
904	62
905	64
906	72
907	52
908	70
909	56
910	62
911	53
912	59
913	67
914	71
915	61
916	57
917	55
918	67
919	54
920	52
921	44
922	59
923	39
924	46
925	64
926	57
927	63
928	60
929	53
930	67
931	55
932	59
933	48
934	59
935	52
936	55
937	62
938	49
939	50
940	57
941	52
942	51
943	63
944	48
945	46
946	52
947	53
948	45
949	55
950	49
951	42
952	55
953	59
954	57
955	57
956	71
957	51
958	56
959	57
960	44
961	51
962	63
963	48
964	59
965	40
966	47
967	47
968	73
969	41
970	40
971	39
972	55
973	54
974	51
975	47
976	52
977	52
978	41
979	53
980	50
981	45
982	53
983	53
984	59
985	46
986	56
987	39
988	41
989	54
990	49
991	57
992	54
993	57
994	56
995	49
996	38
997	57
998	46
999	51
1000	59
1001	48
1002	54
1003	51
1004	47
1005	49
1006	57
1007	41
1008	52
1009	41
1010	54
1011	47
1012	51
1013	52
1014	52
1015	55
1016	48
1017	66
1018	52
1019	50
1020	54
1021	49
1022	53
1023	49
1024	47
1025	51
1026	49
1027	51
1028	58
1029	58
1030	46
1031	57
1032	42
1033	34
1034	41
1035	49
1036	51
1037	55
1038	55
1039	65
1040	44
1041	52
1042	55
1043	57
1044	63
1045	72
1046	130
1047	834
1048	3779
1049	10429
1050	15418
1051	12558
1052	5614
1053	1392
1054	293
1055	98
1056	84
1057	70
1058	50
1059	41
1060	46
1061	43
1062	51
1063	37
1064	47
1065	46
1066	46
1067	25
1068	21
1069	25
1070	38
1071	33
1072	21
1073	38
1074	15
1075	31
1076	30
1077	21
1078	33
1079	15
1080	30
1081	22
1082	22
1083	27
1084	19
1085	31
1086	28
1087	30
1088	24
1089	23
1090	27
1091	23
1092	22
1093	16
1094	24
1095	23
1096	26
1097	24
1098	24
1099	24
1100	21
1101	15
1102	21
1103	21
1104	14
1105	15
1106	25
1107	18
1108	19
1109	24
1110	18
1111	17
1112	17
1113	18
1114	16
1115	21
1116	21
1117	20
1118	15
1119	23
1120	19
1121	16
1122	16
1123	32
1124	20
1125	16
1126	18
1127	17
1128	27
1129	71
1130	359
1131	1061
1132	2016
1133	1925
1134	1093
1135	357
1136	95
1137	24
1138	28
1139	21
1140	20
1141	15
1142	13
1143	19
1144	18
1145	18
1146	22
1147	14
1148	20
1149	14
1150	16
1151	15
1152	12
1153	11
1154	13
1155	13
1156	12
1157	13
1158	12
1159	10
1160	16
1161	11
1162	7
1163	7
1164	11
1165	14
1166	13
1167	16
1168	8
1169	23
1170	13
1171	16
1172	8
1173	15
1174	12
1175	13
1176	9
1177	7
1178	15
1179	7
1180	11
1181	7
1182	8
1183	12
1184	15
1185	13
1186	11
1187	11
1188	14
1189	8
1190	7
1191	10
1192	8
1193	10
1194	15
1195	14
1196	10
1197	8
1198	14
1199	8
1200	11
1201	13
1202	11
1203	11
1204	10
1205	11
1206	8
1207	9
1208	8
1209	9
1210	8
1211	11
1212	14
1213	6
1214	15
1215	7
1216	9
1217	12
1218	14
1219	7
1220	14
1221	14
1222	7
1223	14
1224	12
1225	8
1226	9
1227	7
1228	15
1229	15
1230	13
1231	7
1232	10
1233	8
1234	9
1235	8
1236	10
1237	12
1238	14
1239	6
1240	16
1241	10
1242	12
1243	7
1244	9
1245	12
1246	6
1247	15
1248	8
1249	8
1250	14
1251	6
1252	8
1253	6
1254	10
1255	8
1256	11
1257	8
1258	6
1259	10
1260	13
1261	13
1262	12
1263	12
1264	11
1265	13
1266	16
1267	7
1268	9
1269	6
1270	10
1271	16
1272	12
1273	11
1274	13
1275	7
1276	14
1277	6
1278	7
1279	12
1280	15
1281	15
1282	11
1283	17
1284	7
1285	5
1286	18
1287	30
1288	24
1289	47
1290	54
1291	38
1292	17
1293	11
1294	6
1295	7
1296	9
1297	10
1298	2
1299	12
1300	6
1301	4
1302	4
1303	6
1304	14
1305	6
1306	6
1307	8
1308	7
1309	10
1310	8
1311	6
1312	2
1313	5
1314	5
1315	7
1316	3
1317	10
1318	6
1319	4
1320	12
1321	6
1322	3
1323	7
1324	6
1325	5
1326	8
1327	10
1328	11
1329	7
1330	5
1331	4
1332	5
1333	2
1334	7
1335	6
1336	9
1337	3
1338	4
1339	7
1340	11
1341	3
1342	8
1343	1
1344	10
1345	6
1346	3
1347	4
1348	6
1349	3
1350	8
1351	9
1352	7
1353	5
1354	8
1355	9
1356	4
1357	10
1358	3
1359	6
1360	7
1361	2
1362	9
1363	9
1364	5
1365	9
1366	7
1367	11
1368	4
1369	6
1370	3
1371	5
1372	2
1373	6
1374	6
1375	4
1376	4
1377	3
1378	6
1379	4
1380	7
1381	5
1382	5
1383	6
1384	9
1385	4
1386	8
1387	8
1388	9
1389	6
1390	9
1391	4
1392	5
1393	6
1394	5
1395	11
1396	1
1397	9
1398	8
1399	2
1400	5
1401	5
1402	5
1403	4
1404	9
1405	5
1406	7
1407	8
1408	6
1409	5
1410	3
1411	4
1412	8
1413	6
1414	1
1415	6
1416	4
1417	3
1418	4
1419	15
1420	0
1421	2
1422	2
1423	2
1424	1
1425	5
1426	7
1427	8
1428	3
1429	3
1430	7
1431	2
1432	6
1433	7
1434	6
1435	7
1436	8
1437	8
1438	4
1439	5
1440	3
1441	3
1442	3
1443	4
1444	8
1445	5
1446	4
1447	15
1448	1
1449	6
1450	4
1451	1
1452	2
1453	7
1454	2
1455	5
1456	6
1457	3
1458	8
1459	3
1460	3
1461	10
1462	3
1463	7
1464	5
1465	4
1466	6
1467	5
1468	6
1469	3
1470	5
1471	6
1472	2
1473	6
1474	3
1475	8
1476	6
1477	3
1478	6
1479	5
1480	1
1481	3
1482	2
1483	6
1484	4
1485	1
1486	6
1487	2
1488	2
1489	7
1490	6
1491	9
1492	2
1493	3
1494	5
1495	4
1496	2
1497	9
1498	2
1499	2
1500	6
1501	7
1502	5
1503	6
1504	7
1505	0
1506	6
1507	4
1508	2
1509	9
1510	8
1511	2
1512	3
1513	6
1514	4
1515	3
1516	3
1517	3
1518	6
1519	2
1520	1
1521	5
1522	5
1523	2
1524	3
1525	5
1526	6
1527	8
1528	3
1529	3
1530	4
1531	5
1532	6
1533	3
1534	5
1535	3
1536	7
1537	5
1538	6
1539	6
1540	5
1541	6
1542	2
1543	5
1544	5
1545	2
1546	5
1547	3
1548	4
1549	5
1550	6
1551	5
1552	3
1553	5
1554	2
1555	2
1556	6
1557	4
1558	4
1559	3
1560	5
1561	5
1562	2
1563	6
1564	5
1565	5
1566	1
1567	1
1568	6
1569	3
1570	3
1571	4
1572	5
1573	7
1574	2
1575	4
1576	5
1577	4
1578	1
1579	5
1580	4
1581	2
1582	2
1583	2
1584	2
1585	3
1586	1
1587	4
1588	5
1589	1
1590	3
1591	2
1592	7
1593	4
1594	5
1595	4
1596	0
1597	7
1598	5
1599	6
1600	4
1601	2
1602	2
1603	4
1604	2
1605	3
1606	4
1607	1
1608	3
1609	5
1610	3
1611	1
1612	2
1613	3
1614	1
1615	1
1616	4
1617	3
1618	3
1619	3
1620	3
1621	0
1622	2
1623	3
1624	6
1625	5
1626	5
1627	3
1628	4
1629	1
1630	2
1631	2
1632	1
1633	3
1634	2
1635	2
1636	5
1637	3
1638	1
1639	6
1640	2
1641	2
1642	4
1643	3
1644	5
1645	2
1646	4
1647	2
1648	0
1649	1
1650	2
1651	4
1652	4
1653	4
1654	1
1655	1
1656	2
1657	4
1658	3
1659	4
1660	1
1661	2
1662	3
1663	7
1664	1
1665	3
1666	4
1667	1
1668	2
1669	0
1670	5
1671	5
1672	5
1673	5
1674	0
1675	1
1676	6
1677	0
1678	2
1679	2
1680	0
1681	3
1682	6
1683	2
1684	2
1685	3
1686	2
1687	1
1688	3
1689	3
1690	3
1691	3
1692	1
1693	6
1694	4
1695	4
1696	3
1697	2
1698	2
1699	2
1700	3
1701	1
1702	7
1703	1
1704	4
1705	4
1706	2
1707	9
1708	3
1709	2
1710	7
1711	5
1712	1
1713	0
1714	3
1715	3
1716	3
1717	3
1718	3
1719	3
1720	2
1721	4
1722	4
1723	6
1724	5
1725	3
1726	3
1727	1
1728	2
1729	4
1730	2
1731	0
1732	3
1733	0
1734	0
1735	0
1736	2
1737	1
1738	2
1739	3
1740	2
1741	1
1742	1
1743	1
1744	4
1745	2
1746	3
1747	2
1748	4
1749	3
1750	1
1751	1
1752	0
1753	3
1754	0
1755	2
1756	3
1757	1
1758	1
1759	4
1760	2
1761	1
1762	0
1763	2
1764	6
1765	6
1766	2
1767	1
1768	3
1769	2
1770	4
1771	0
1772	4
1773	3
1774	2
1775	3
1776	1
1777	3
1778	5
1779	1
1780	3
1781	1
1782	3
1783	3
1784	3
1785	1
1786	7
1787	1
1788	3
1789	3
1790	1
1791	0
1792	2
1793	1
1794	1
1795	4
1796	4
1797	3
1798	4
1799	9
1800	6
1801	3
1802	5
1803	2
1804	6
1805	0
1806	0
1807	2
1808	1
1809	1
1810	1
1811	1
1812	4
1813	2
1814	3
1815	1
1816	1
1817	2
1818	3
1819	1
1820	1
1821	5
1822	3
1823	1
1824	2
1825	4
1826	1
1827	1
1828	3
1829	0
1830	2
1831	1
1832	1
1833	1
1834	1
1835	2
1836	0
1837	2
1838	1
1839	0
1840	1
1841	2
1842	3
1843	3
1844	1
1845	4
1846	1
1847	0
1848	1
1849	4
1850	1
1851	2
1852	3
1853	4
1854	2
1855	2
1856	2
1857	2
1858	1
1859	1
1860	3
1861	2
1862	3
1863	3
1864	7
1865	2
1866	2
1867	6
1868	1
1869	5
1870	1
1871	1
1872	2
1873	1
1874	2
1875	0
1876	3
1877	0
1878	4
1879	1
1880	2
1881	1
1882	1
1883	1
1884	2
1885	4
1886	2
1887	2
1888	2
1889	1
1890	2
1891	4
1892	0
1893	2
1894	1
1895	2
1896	2
1897	1
1898	1
1899	1
1900	2
1901	0
1902	0
1903	1
1904	2
1905	2
1906	2
1907	0
1908	0
1909	4
1910	5
1911	1
1912	3
1913	4
1914	0
1915	3
1916	3
1917	0
1918	1
1919	3
1920	4
1921	2
1922	2
1923	3
1924	2
1925	2
1926	3
1927	1
1928	1
1929	1
1930	1
1931	4
1932	2
1933	4
1934	2
1935	1
1936	0
1937	3
1938	1
1939	1
1940	3
1941	2
1942	4
1943	1
1944	4
1945	7
1946	3
1947	2
1948	1
1949	4
1950	1
1951	1
1952	5
1953	6
1954	6
1955	1
1956	1
1957	2
1958	4
1959	1
1960	1
1961	0
1962	0
1963	1
1964	0
1965	2
1966	0
1967	1
1968	2
1969	2
1970	4
1971	0
1972	0
1973	1
1974	0
1975	1
1976	0
1977	0
1978	2
1979	3
1980	1
1981	1
1982	1
1983	0
1984	1
1985	3
1986	3
1987	1
1988	2
1989	2
1990	2
1991	3
1992	5
1993	2
1994	2
1995	1
1996	1
1997	2
1998	1
1999	3
2000	1
2001	0
2002	0
2003	3
2004	3
2005	0
2006	2
2007	2
2008	3
2009	4
2010	3
2011	2
2012	2
2013	3
2014	1
2015	2
2016	1
2017	3
2018	1
2019	1
2020	1
2021	0
2022	1
2023	0
2024	2
2025	1
2026	1
2027	4
2028	1
2029	1
2030	0
2031	3
2032	2
2033	0
2034	6
2035	4
2036	0
2037	2
2038	1
2039	0
2040	1
2041	0
2042	1
2043	1
2044	0
2045	2
2046	5
2047	0
2048	0
2049	0
2050	0
2051	1
2052	1
2053	1
2054	2
2055	1
2056	1
2057	2
2058	1
2059	0
2060	0
2061	2
2062	1
2063	0
2064	2
2065	0
2066	1
2067	2
2068	1
2069	3
2070	2
2071	1
2072	2
2073	0
2074	2
2075	3
2076	0
2077	1
2078	4
2079	1
2080	1
2081	2
2082	2
2083	2
2084	2
2085	1
2086	3
2087	1
2088	6
2089	3
2090	0
2091	3
2092	3
2093	0
2094	0
2095	1
2096	3
2097	7
2098	1
2099	3
2100	2
2101	2
2102	4
2103	7
2104	6
2105	3
2106	0
2107	3
2108	0
2109	2
2110	1
2111	2
2112	1
2113	1
2114	1
2115	0
2116	1
2117	0
2118	0
2119	1
2120	1
2121	0
2122	0
2123	1
2124	0
2125	1
2126	0
2127	1
2128	0
2129	1
2130	2
2131	1
2132	1
2133	0
2134	0
2135	1
2136	1
2137	0
2138	1
2139	0
2140	0
2141	0
2142	0
2143	1
2144	0
2145	0
2146	1
2147	0
2148	0
2149	3
2150	3
2151	1
2152	1
2153	1
2154	0
2155	0
2156	1
2157	1
2158	0
2159	1
2160	0
2161	1
2162	0
2163	0
2164	1
2165	1
2166	1
2167	0
2168	0
2169	0
2170	0
2171	0
2172	0
2173	0
2174	0
2175	0
2176	1
2177	3
2178	3
2179	2
2180	1
2181	2
2182	1
2183	2
2184	0
2185	2
2186	0
2187	0
2188	0
2189	1
2190	0
2191	0
2192	0
2193	1
2194	1
2195	1
2196	0
2197	0
2198	0
2199	0
2200	0
2201	0
2202	0
2203	1
2204	1
2205	0
2206	0
2207	0
2208	0
2209	0
2210	1
2211	0
2212	1
2213	0
2214	1
2215	1
2216	0
2217	0
2218	1
2219	0
2220	1
2221	0
2222	0
2223	0
2224	0
2225	0
2226	1
2227	0
2228	1
2229	1
2230	1
2231	0
2232	0
2233	1
2234	0
2235	0
2236	0
2237	1
2238	0
2239	1
2240	0
2241	0
2242	0
2243	0
2244	0
2245	1
2246	1
2247	0
2248	0
2249	0
2250	0
2251	0
2252	0
2253	0
2254	1
2255	0
2256	0
2257	0
2258	2
2259	0
2260	0
2261	0
2262	0
2263	0
2264	0
2265	1
2266	0
2267	1
2268	0
2269	0
2270	0
2271	0
2272	1
2273	0
2274	0
2275	0
2276	1
2277	2
2278	1
2279	1
2280	1
2281	1
2282	1
2283	1
2284	1
2285	1
2286	0
2287	1
2288	0
2289	0
2290	0
2291	1
2292	1
2293	0
2294	0
2295	0
2296	0
2297	0
2298	1
2299	0
2300	0
2301	0
2302	1
2303	1
2304	1
2305	1
2306	0
2307	0
2308	0
2309	0
2310	0
2311	0
2312	1
2313	0
2314	0
2315	1
2316	0
2317	0
2318	0
2319	0
2320	0
2321	1
2322	1
2323	0
2324	0
2325	2
2326	0
2327	0
2328	0
2329	0
2330	1
2331	1
2332	0
2333	1
2334	1
2335	0
2336	1
2337	1
2338	1
2339	0
2340	0
2341	1
2342	1
2343	1
2344	0
2345	0
2346	0
2347	0
2348	1
2349	2
2350	0
2351	0
2352	1
2353	0
2354	2
2355	0
2356	0
2357	0
2358	0
2359	0
2360	0
2361	0
2362	0
2363	0
2364	0
2365	1
2366	0
2367	1
2368	0
2369	0
2370	0
2371	0
2372	0
2373	0
2374	0
2375	0
2376	0
2377	2
2378	0
2379	0
2380	0
2381	0
2382	1
2383	2
2384	1
2385	1
2386	0
2387	0
2388	0
2389	0
2390	0
2391	0
2392	0
2393	1
2394	1
2395	0
2396	1
2397	0
2398	0
2399	0
2400	0
2401	1
2402	0
2403	0
2404	0
2405	1
2406	0
2407	0
2408	0
2409	1
2410	1
2411	2
2412	0
2413	2
2414	0
2415	0
2416	2
2417	0
2418	1
2419	0
2420	0
2421	0
2422	0
2423	0
2424	0
2425	0
2426	1
2427	0
2428	0
2429	0
2430	0
2431	0
2432	0
2433	0
2434	1
2435	0
2436	0
2437	1
2438	1
2439	0
2440	0
2441	0
2442	0
2443	1
2444	1
2445	2
2446	1
2447	2
2448	0
2449	1
2450	0
2451	1
2452	1
2453	0
2454	0
2455	2
2456	0
2457	0
2458	0
2459	0
2460	1
2461	0
2462	0
2463	1
2464	1
2465	1
2466	1
2467	0
2468	1
2469	0
2470	1
2471	0
2472	0
2473	0
2474	1
2475	3
2476	0
2477	1
2478	1
2479	0
2480	0
2481	0
2482	0
2483	0
2484	0
2485	0
2486	0
2487	1
2488	0
2489	0
2490	0
2491	1
2492	2
2493	0
2494	0
2495	0
2496	1
2497	0
2498	2
2499	0
2500	0
2501	0
2502	0
2503	0
2504	1
2505	0
2506	2
2507	0
2508	1
2509	0
2510	0
2511	0
2512	0
2513	0
2514	0
2515	0
2516	0
2517	0
2518	0
2519	2
2520	1
2521	1
2522	0
2523	1
2524	0
2525	1
2526	0
2527	0
2528	0
2529	0
2530	1
2531	0
2532	0
2533	0
2534	0
2535	0
2536	0
2537	0
2538	0
2539	1
2540	0
2541	2
2542	0
2543	0
2544	0
2545	0
2546	0
2547	0
2548	0
2549	0
2550	0
2551	0
2552	0
2553	0
2554	1
2555	1
2556	0
2557	0
2558	1
2559	0
2560	0
2561	0
2562	0
2563	0
2564	1
2565	0
2566	0
2567	0
2568	0
2569	0
2570	0
2571	0
2572	0
2573	0
2574	0
2575	1
2576	0
2577	0
2578	1
2579	0
2580	0
2581	0
2582	0
2583	0
2584	1
2585	0
2586	1
2587	1
2588	0
2589	1
2590	0
2591	0
2592	1
2593	0
2594	0
2595	0
2596	0
2597	1
2598	1
2599	0
2600	0
2601	1
2602	1
2603	1
2604	0
2605	0
2606	1
2607	0
2608	0
2609	1
2610	0
2611	1
2612	1
2613	1
2614	0
2615	0
2616	1
2617	0
2618	0
2619	0
2620	1
2621	0
2622	0
2623	0
2624	0
2625	0
2626	0
2627	0
2628	0
2629	0
2630	0
2631	0
2632	0
2633	0
2634	0
2635	1
2636	0
2637	0
2638	0
2639	1
2640	0
2641	0
2642	0
2643	0
2644	0
2645	0
2646	0
2647	1
2648	0
2649	0
2650	1
2651	0
2652	0
2653	1
2654	0
2655	0
2656	0
2657	0
2658	0
2659	0
2660	0
2661	0
2662	0
2663	0
2664	0
2665	0
2666	0
2667	0
2668	0
2669	0
2670	1
2671	0
2672	1
2673	0
2674	0
2675	0
2676	0
2677	0
2678	0
2679	0
2680	2
2681	1
2682	0
2683	0
2684	0
2685	0
2686	0
2687	1
2688	0
2689	0
2690	1
2691	2
2692	2
2693	3
2694	1
2695	1
2696	1
2697	1
2698	0
2699	0
2700	1
2701	0
2702	0
2703	0
2704	0
2705	0
2706	0
2707	1
2708	0
2709	1
2710	0
2711	0
2712	0
2713	0
2714	2
2715	0
2716	0
2717	1
2718	1
2719	0
2720	0
2721	0
2722	0
2723	0
2724	0
2725	0
2726	0
2727	1
2728	1
2729	0
2730	0
2731	0
2732	0
2733	0
2734	0
2735	2
2736	0
2737	0
2738	0
2739	1
2740	0
2741	1
2742	1
2743	0
2744	0
2745	0
2746	0
2747	0
2748	0
2749	0
2750	0
2751	0
2752	1
2753	2
2754	0
2755	1
2756	1
2757	0
2758	1
2759	0
2760	2
2761	3
2762	0
2763	0
2764	0
2765	0
2766	0
2767	0
2768	0
2769	0
2770	1
2771	0
2772	0
2773	0
2774	0
2775	1
2776	0
2777	1
2778	0
2779	0
2780	2
2781	0
2782	0
2783	0
2784	0
2785	0
2786	0
2787	0
2788	0
2789	0
2790	0
2791	0
2792	1
2793	0
2794	0
2795	0
2796	0
2797	1
2798	0
2799	1
2800	0
2801	0
2802	1
2803	0
2804	0
2805	0
2806	0
2807	2
2808	1
2809	0
2810	0
2811	0
2812	0
2813	0
2814	0
2815	0
2816	0
2817	0
2818	0
2819	0
2820	0
2821	0
2822	0
2823	1
2824	0
2825	0
2826	0
2827	0
2828	1
2829	0
2830	0
2831	0
2832	0
2833	1
2834	1
2835	0
2836	0
2837	0
2838	1
2839	0
2840	0
2841	0
2842	0
2843	0
2844	0
2845	0
2846	1
2847	0
2848	0
2849	0
2850	0
2851	1
2852	0
2853	1
2854	1
2855	0
2856	0
2857	0
2858	1
2859	2
2860	1
2861	1
2862	0
2863	3
2864	0
2865	0
2866	2
2867	0
2868	1
2869	0
2870	0
2871	0
2872	0
2873	0
2874	0
2875	0
2876	0
2877	0
2878	0
2879	0
2880	1
2881	1
2882	0
2883	0
2884	0
2885	0
2886	1
2887	0
2888	1
2889	0
2890	2
2891	1
2892	0
2893	1
2894	0
2895	1
2896	0
2897	0
2898	0
2899	0
2900	0
2901	0
2902	0
2903	0
2904	1
2905	0
2906	0
2907	0
2908	0
2909	0
2910	0
2911	0
2912	0
2913	0
2914	0
2915	0
2916	0
2917	1
2918	0
2919	0
2920	0
2921	0
2922	1
2923	1
2924	0
2925	1
2926	1
2927	0
2928	0
2929	0
2930	0
2931	0
2932	0
2933	0
2934	1
2935	0
2936	0
2937	0
2938	0
2939	0
2940	2
2941	0
2942	0
2943	0
2944	0
2945	1
2946	0
2947	0
2948	0
2949	0
2950	1
2951	0
2952	0
2953	0
2954	1
2955	0
2956	0
2957	1
2958	0
2959	0
2960	0
2961	0
2962	0
2963	0
2964	0
2965	0
2966	0
2967	0
2968	0
2969	0
2970	0
2971	0
2972	0
2973	0
2974	0
2975	0
2976	0
2977	0
2978	0
2979	0
2980	0
2981	0
2982	0
2983	0
2984	1
2985	0
2986	0
2987	0
2988	0
2989	1
2990	1
2991	0
2992	0
2993	0
2994	1
2995	0
2996	1
2997	0
2998	0
2999	1
3000	1
3001	1
3002	0
3003	0
3004	0
3005	0
3006	0
3007	0
3008	1
3009	0
3010	0
3011	0
3012	0
3013	0
3014	0
3015	0
3016	0
3017	0
3018	0
3019	0
3020	0
3021	0
3022	0
3023	0
3024	0
3025	0
3026	0
3027	0
3028	0
3029	0
3030	0
3031	0
3032	0
3033	0
3034	1
3035	0
3036	0
3037	0
3038	0
3039	0
3040	0
3041	0
3042	1
3043	1
3044	0
3045	0
3046	0
3047	0
3048	0
3049	0
3050	1
3051	0
3052	0
3053	0
3054	1
3055	0
3056	0
3057	0
3058	0
3059	0
3060	0
3061	0
3062	1
3063	0
3064	0
3065	0
3066	0
3067	1
3068	0
3069	0
3070	0
3071	0
3072	0
3073	1
3074	0
3075	0
3076	0
3077	0
3078	0
3079	0
3080	0
3081	0
3082	0
3083	1
3084	0
3085	1
3086	0
3087	1
3088	0
3089	0
3090	0
3091	0
3092	0
3093	0
3094	0
3095	0
3096	0
3097	0
3098	0
3099	0
3100	0
3101	0
3102	0
3103	1
3104	0
3105	0
3106	0
3107	0
3108	0
3109	0
3110	0
3111	0
3112	0
3113	0
3114	0
3115	1
3116	0
3117	0
3118	0
3119	0
3120	0
3121	0
3122	0
3123	1
3124	0
3125	0
3126	0
3127	0
3128	0
3129	0
3130	0
3131	0
3132	1
3133	0
3134	0
3135	0
3136	0
3137	1
3138	0
3139	0
3140	0
3141	1
3142	0
3143	0
3144	0
3145	0
3146	0
3147	1
3148	0
3149	0
3150	0
3151	0
3152	0
3153	0
3154	1
3155	1
3156	0
3157	0
3158	0
3159	0
3160	0
3161	0
3162	0
3163	0
3164	0
3165	0
3166	1
3167	0
3168	1
3169	0
3170	0
3171	0
3172	0
3173	0
3174	0
3175	0
3176	1
3177	0
3178	0
3179	0
3180	0
3181	0
3182	0
3183	0
3184	0
3185	0
3186	0
3187	0
3188	0
3189	0
3190	0
3191	0
3192	1
3193	0
3194	0
3195	1
3196	0
3197	0
3198	0
3199	0
3200	1
3201	0
3202	0
3203	0
3204	0
3205	0
3206	1
3207	0
3208	0
3209	1
3210	0
3211	0
3212	1
3213	0
3214	0
3215	0
3216	0
3217	1
3218	0
3219	0
3220	0
3221	0
3222	1
3223	0
3224	0
3225	1
3226	0
3227	0
3228	0
3229	0
3230	0
3231	0
3232	0
3233	0
3234	2
3235	0
3236	0
3237	0
3238	1
3239	1
3240	0
3241	1
3242	0
3243	0
3244	0
3245	1
3246	0
3247	0
3248	0
3249	0
3250	0
3251	0
3252	1
3253	0
3254	0
3255	0
3256	0
3257	0
3258	0
3259	0
3260	0
3261	0
3262	0
3263	0
3264	0
3265	0
3266	0
3267	1
3268	0
3269	0
3270	0
3271	0
3272	0
3273	0
3274	1
3275	0
3276	0
3277	0
3278	2
3279	0
3280	1
3281	0
3282	0
3283	0
3284	0
3285	0
3286	0
3287	0
3288	0
3289	0
3290	0
3291	0
3292	0
3293	0
3294	0
3295	0
3296	0
3297	0
3298	0
3299	0
3300	0
3301	0
3302	0
3303	0
3304	0
3305	0
3306	0
3307	0
3308	1
3309	2
3310	2
3311	1
3312	1
3313	0
3314	0
3315	1
3316	0
3317	0
3318	0
3319	0
3320	0
3321	0
3322	0
3323	0
3324	0
3325	0
3326	0
3327	0
3328	1
3329	0
3330	1
3331	1
3332	0
3333	0
3334	0
3335	0
3336	0
3337	0
3338	0
3339	0
3340	0
3341	0
3342	0
3343	0
3344	0
3345	0
3346	0
3347	0
3348	1
3349	0
3350	0
3351	0
3352	0
3353	0
3354	0
3355	0
3356	0
3357	0
3358	0
3359	0
3360	0
3361	0
3362	0
3363	0
3364	0
3365	0
3366	0
3367	0
3368	1
3369	0
3370	0
3371	0
3372	0
3373	0
3374	0
3375	0
3376	0
3377	0
3378	0
3379	0
3380	0
3381	0
3382	0
3383	1
3384	0
3385	0
3386	0
3387	0
3388	1
3389	0
3390	0
3391	0
3392	0
3393	0
3394	0
3395	0
3396	0
3397	0
3398	0
3399	0
3400	0
3401	0
3402	0
3403	0
3404	1
3405	0
3406	0
3407	0
3408	0
3409	1
3410	0
3411	0
3412	1
3413	0
3414	0
3415	0
3416	0
3417	0
3418	0
3419	0
3420	0
3421	0
3422	0
3423	0
3424	0
3425	0
3426	0
3427	0
3428	0
3429	0
3430	0
3431	1
3432	0
3433	1
3434	0
3435	0
3436	0
3437	1
3438	0
3439	0
3440	0
3441	0
3442	0
3443	0
3444	0
3445	0
3446	0
3447	0
3448	0
3449	1
3450	0
3451	0
3452	0
3453	0
3454	1
3455	0
3456	1
3457	0
3458	0
3459	0
3460	0
3461	1
3462	1
3463	1
3464	0
3465	1
3466	0
3467	1
3468	1
3469	1
3470	0
3471	2
3472	0
3473	0
3474	0
3475	1
3476	0
3477	0
3478	0
3479	0
3480	0
3481	1
3482	0
3483	0
3484	0
3485	0
3486	0
3487	0
3488	0
3489	0
3490	0
3491	0
3492	0
3493	0
3494	0
3495	0
3496	0
3497	0
3498	1
3499	1
3500	0
3501	0
3502	0
3503	1
3504	1
3505	0
3506	0
3507	0
3508	0
3509	1
3510	0
3511	0
3512	0
3513	0
3514	0
3515	1
3516	1
3517	0
3518	0
3519	0
3520	0
3521	0
3522	0
3523	1
3524	1
3525	0
3526	0
3527	0
3528	0
3529	0
3530	0
3531	0
3532	0
3533	0
3534	0
3535	0
3536	0
3537	0
3538	0
3539	0
3540	0
3541	0
3542	0
3543	0
3544	1
3545	0
3546	0
3547	2
3548	0
3549	0
3550	0
3551	1
3552	0
3553	0
3554	0
3555	0
3556	0
3557	0
3558	0
3559	0
3560	0
3561	0
3562	0
3563	0
3564	2
3565	0
3566	0
3567	1
3568	0
3569	0
3570	0
3571	0
3572	0
3573	0
3574	1
3575	0
3576	0
3577	0
3578	1
3579	0
3580	0
3581	0
3582	0
3583	0
3584	0
3585	1
3586	0
3587	0
3588	0
3589	0
3590	1
3591	0
3592	0
3593	0
3594	0
3595	0
3596	0
3597	0
3598	0
3599	0
3600	1
3601	0
3602	0
3603	1
3604	2
3605	0
3606	0
3607	0
3608	0
3609	0
3610	0
3611	0
3612	1
3613	0
3614	0
3615	0
3616	0
3617	0
3618	0
3619	0
3620	0
3621	1
3622	0
3623	0
3624	0
3625	0
3626	2
3627	0
3628	0
3629	0
3630	1
3631	0
3632	0
3633	0
3634	0
3635	0
3636	0
3637	0
3638	0
3639	0
3640	1
3641	0
3642	0
3643	0
3644	1
3645	2
3646	0
3647	0
3648	0
3649	0
3650	0
3651	1
3652	0
3653	1
3654	1
3655	0
3656	0
3657	0
3658	0
3659	2
3660	1
3661	0
3662	0
3663	0
3664	0
3665	0
3666	0
3667	0
3668	0
3669	0
3670	0
3671	0
3672	1
3673	0
3674	0
3675	0
3676	1
3677	0
3678	0
3679	0
3680	0
3681	0
3682	0
3683	0
3684	1
3685	2
3686	2
3687	0
3688	0
3689	1
3690	0
3691	0
3692	0
3693	0
3694	0
3695	0
3696	2
3697	0
3698	0
3699	0
3700	1
3701	2
3702	0
3703	1
3704	0
3705	0
3706	0
3707	0
3708	0
3709	0
3710	1
3711	0
3712	0
3713	0
3714	0
3715	0
3716	0
3717	1
3718	0
3719	0
3720	0
3721	1
3722	0
3723	0
3724	0
3725	0
3726	0
3727	0
3728	0
3729	1
3730	0
3731	0
3732	0
3733	0
3734	0
3735	0
3736	0
3737	0
3738	1
3739	0
3740	0
3741	0
3742	0
3743	0
3744	0
3745	0
3746	0
3747	0
3748	0
3749	0
3750	0
3751	0
3752	0
3753	0
3754	0
3755	0
3756	0
3757	1
3758	0
3759	0
3760	0
3761	0
3762	0
3763	1
3764	0
3765	0
3766	0
3767	2
3768	0
3769	0
3770	0
3771	1
3772	1
3773	0
3774	0
3775	0
3776	0
3777	1
3778	0
3779	0
3780	0
3781	0
3782	0
3783	0
3784	0
3785	1
3786	0
3787	1
3788	0
3789	1
3790	0
3791	0
3792	0
3793	1
3794	0
3795	0
3796	0
3797	0
3798	1
3799	0
3800	0
3801	1
3802	0
3803	0
3804	0
3805	0
3806	0
3807	0
3808	0
3809	0
3810	0
3811	0
3812	1
3813	0
3814	0
3815	0
3816	1
3817	0
3818	0
3819	0
3820	0
3821	0
3822	0
3823	0
3824	0
3825	0
3826	0
3827	1
3828	1
3829	0
3830	0
3831	0
3832	0
3833	0
3834	0
3835	0
3836	0
3837	0
3838	0
3839	0
3840	1
3841	0
3842	0
3843	1
3844	0
3845	0
3846	0
3847	0
3848	0
3849	0
3850	0
3851	0
3852	0
3853	0
3854	0
3855	0
3856	0
3857	0
3858	0
3859	0
3860	0
3861	0
3862	0
3863	0
3864	0
3865	0
3866	0
3867	0
3868	0
3869	0
3870	0
3871	0
3872	1
3873	0
3874	0
3875	0
3876	0
3877	0
3878	0
3879	0
3880	0
3881	0
3882	0
3883	0
3884	0
3885	0
3886	0
3887	0
3888	0
3889	0
3890	0
3891	0
3892	0
3893	0
3894	0
3895	0
3896	0
3897	0
3898	0
3899	0
3900	0
3901	0
3902	0
3903	0
3904	0
3905	0
3906	0
3907	0
3908	0
3909	0
3910	2
3911	0
3912	0
3913	0
3914	0
3915	0
3916	0
3917	0
3918	0
3919	0
3920	0
3921	0
3922	0
3923	0
3924	0
3925	0
3926	0
3927	0
3928	0
3929	0
3930	0
3931	0
3932	0
3933	0
3934	0
3935	0
3936	0
3937	0
3938	0
3939	0
3940	0
3941	1
3942	0
3943	0
3944	0
3945	0
3946	0
3947	0
3948	0
3949	1
3950	0
3951	0
3952	0
3953	0
3954	1
3955	0
3956	0
3957	0
3958	0
3959	0
3960	0
3961	0
3962	0
3963	1
3964	0
3965	0
3966	0
3967	0
3968	0
3969	0
3970	0
3971	0
3972	1
3973	1
3974	0
3975	0
3976	0
3977	0
3978	0
3979	0
3980	0
3981	0
3982	0
3983	1
3984	0
3985	0
3986	0
3987	0
3988	0
3989	0
3990	0
3991	0
3992	0
3993	0
3994	0
3995	1
3996	0
3997	0
3998	0
3999	0
4000	0
4001	0
4002	0
4003	0
4004	0
4005	0
4006	0
4007	0
4008	0
4009	0
4010	0
4011	0
4012	0
4013	0
4014	0
4015	0
4016	0
4017	0
4018	1
4019	0
4020	0
4021	0
4022	0
4023	1
4024	0
4025	0
4026	0
4027	0
4028	0
4029	1
4030	0
4031	1
4032	0
4033	0
4034	0
4035	0
4036	0
4037	0
4038	0
4039	0
4040	0
4041	0
4042	0
4043	0
4044	0
4045	0
4046	0
4047	0
4048	0
4049	0
4050	0
4051	0
4052	0
4053	0
4054	0
4055	0
4056	0
4057	1
4058	0
4059	0
4060	1
4061	0
4062	0
4063	0
4064	0
4065	0
4066	0
4067	0
4068	0
4069	0
4070	0
4071	1
4072	0
4073	0
4074	0
4075	0
4076	0
4077	0
4078	1
4079	1
4080	0
4081	0
4082	0
4083	0
4084	0
4085	0
4086	0
4087	0
4088	0
4089	0
4090	0
4091	0
4092	0
4093	0
4094	0
4095	0
4096	0
