kanaal	counts
1	0
2	0
3	0
4	0
5	0
6	0
7	0
8	0
9	0
10	0
11	0
12	0
13	0
14	0
15	0
16	0
17	0
18	0
19	0
20	0
21	0
22	0
23	0
24	0
25	0
26	0
27	0
28	0
29	0
30	0
31	0
32	0
33	0
34	0
35	0
36	0
37	0
38	0
39	0
40	0
41	0
42	0
43	0
44	0
45	1
46	45
47	78
48	101
49	71
50	80
51	97
52	70
53	67
54	88
55	70
56	86
57	91
58	74
59	76
60	79
61	79
62	100
63	69
64	67
65	79
66	63
67	72
68	75
69	69
70	74
71	88
72	66
73	65
74	65
75	60
76	77
77	62
78	68
79	74
80	61
81	63
82	57
83	59
84	59
85	75
86	58
87	60
88	67
89	59
90	69
91	58
92	72
93	58
94	50
95	58
96	51
97	59
98	50
99	58
100	78
101	55
102	67
103	44
104	48
105	61
106	67
107	48
108	41
109	61
110	62
111	47
112	45
113	37
114	73
115	53
116	65
117	50
118	61
119	41
120	57
121	46
122	51
123	54
124	58
125	45
126	46
127	37
128	64
129	51
130	61
131	57
132	51
133	48
134	57
135	55
136	57
137	54
138	49
139	64
140	39
141	66
142	58
143	50
144	46
145	48
146	52
147	53
148	55
149	53
150	54
151	38
152	55
153	56
154	59
155	47
156	58
157	38
158	47
159	39
160	55
161	55
162	47
163	51
164	46
165	52
166	37
167	51
168	58
169	49
170	50
171	41
172	38
173	51
174	25
175	50
176	45
177	53
178	47
179	40
180	46
181	34
182	34
183	47
184	46
185	43
186	57
187	37
188	43
189	57
190	42
191	43
192	52
193	55
194	50
195	60
196	44
197	40
198	46
199	52
200	39
201	41
202	44
203	47
204	39
205	40
206	43
207	48
208	40
209	42
210	62
211	47
212	39
213	53
214	45
215	43
216	52
217	54
218	54
219	42
220	51
221	53
222	23
223	42
224	46
225	48
226	52
227	39
228	50
229	47
230	34
231	41
232	57
233	39
234	43
235	41
236	37
237	40
238	43
239	44
240	43
241	42
242	41
243	41
244	55
245	44
246	40
247	49
248	48
249	51
250	49
251	47
252	39
253	39
254	42
255	43
256	50
257	41
258	45
259	37
260	44
261	42
262	39
263	32
264	41
265	43
266	48
267	47
268	47
269	59
270	43
271	55
272	29
273	32
274	43
275	56
276	37
277	29
278	49
279	57
280	40
281	33
282	43
283	41
284	44
285	48
286	40
287	48
288	34
289	42
290	46
291	36
292	50
293	33
294	56
295	45
296	43
297	54
298	38
299	55
300	53
301	37
302	52
303	56
304	54
305	46
306	38
307	39
308	46
309	53
310	52
311	54
312	54
313	46
314	55
315	41
316	39
317	37
318	40
319	36
320	36
321	41
322	48
323	50
324	41
325	45
326	43
327	37
328	48
329	54
330	47
331	45
332	29
333	42
334	47
335	38
336	37
337	44
338	35
339	47
340	42
341	39
342	49
343	51
344	41
345	34
346	55
347	33
348	41
349	36
350	34
351	40
352	38
353	36
354	43
355	52
356	33
357	52
358	38
359	51
360	34
361	52
362	32
363	34
364	46
365	45
366	58
367	43
368	40
369	45
370	36
371	45
372	54
373	49
374	39
375	44
376	37
377	58
378	44
379	48
380	33
381	37
382	50
383	50
384	49
385	49
386	44
387	33
388	34
389	26
390	51
391	44
392	49
393	49
394	34
395	51
396	45
397	56
398	36
399	61
400	40
401	52
402	43
403	38
404	37
405	50
406	53
407	35
408	39
409	36
410	46
411	53
412	43
413	46
414	35
415	40
416	36
417	43
418	53
419	44
420	42
421	49
422	52
423	47
424	43
425	38
426	42
427	47
428	54
429	48
430	55
431	50
432	50
433	39
434	51
435	50
436	60
437	38
438	39
439	41
440	51
441	42
442	48
443	36
444	34
445	66
446	51
447	40
448	33
449	41
450	43
451	34
452	35
453	41
454	47
455	43
456	45
457	51
458	46
459	44
460	53
461	43
462	45
463	39
464	33
465	36
466	51
467	41
468	43
469	38
470	56
471	42
472	37
473	48
474	49
475	47
476	44
477	40
478	39
479	43
480	51
481	43
482	42
483	50
484	39
485	48
486	58
487	51
488	48
489	49
490	50
491	50
492	46
493	33
494	44
495	39
496	47
497	52
498	42
499	41
500	42
501	46
502	42
503	47
504	42
505	29
506	44
507	44
508	38
509	29
510	38
511	54
512	47
513	60
514	42
515	37
516	50
517	47
518	39
519	41
520	47
521	36
522	44
523	39
524	48
525	44
526	44
527	32
528	43
529	53
530	51
531	47
532	47
533	46
534	39
535	41
536	36
537	42
538	43
539	59
540	43
541	39
542	47
543	43
544	40
545	56
546	42
547	38
548	48
549	42
550	44
551	31
552	43
553	40
554	44
555	38
556	45
557	33
558	45
559	40
560	49
561	30
562	44
563	50
564	45
565	48
566	45
567	43
568	42
569	41
570	36
571	58
572	41
573	33
574	41
575	54
576	40
577	45
578	49
579	43
580	31
581	38
582	38
583	44
584	48
585	38
586	43
587	44
588	47
589	33
590	43
591	43
592	52
593	41
594	40
595	47
596	54
597	37
598	49
599	27
600	47
601	57
602	35
603	37
604	42
605	33
606	44
607	45
608	46
609	42
610	41
611	38
612	48
613	40
614	47
615	49
616	47
617	48
618	50
619	45
620	49
621	44
622	55
623	48
624	56
625	47
626	48
627	41
628	56
629	48
630	51
631	55
632	61
633	58
634	60
635	60
636	49
637	34
638	40
639	45
640	45
641	58
642	32
643	47
644	51
645	59
646	50
647	53
648	56
649	49
650	53
651	53
652	50
653	45
654	50
655	50
656	41
657	42
658	44
659	49
660	55
661	49
662	47
663	46
664	43
665	45
666	52
667	41
668	46
669	54
670	62
671	45
672	42
673	39
674	43
675	47
676	37
677	42
678	50
679	46
680	47
681	46
682	45
683	34
684	45
685	48
686	34
687	42
688	46
689	41
690	49
691	31
692	46
693	45
694	49
695	61
696	46
697	50
698	44
699	30
700	40
701	47
702	53
703	46
704	47
705	45
706	41
707	55
708	43
709	45
710	35
711	53
712	41
713	37
714	43
715	55
716	48
717	39
718	45
719	34
720	41
721	32
722	42
723	34
724	43
725	47
726	40
727	43
728	41
729	46
730	47
731	42
732	33
733	42
734	40
735	41
736	39
737	45
738	49
739	25
740	34
741	40
742	33
743	39
744	42
745	42
746	45
747	47
748	40
749	29
750	31
751	35
752	43
753	42
754	31
755	32
756	38
757	40
758	35
759	34
760	30
761	35
762	38
763	44
764	32
765	36
766	38
767	47
768	33
769	38
770	34
771	43
772	39
773	31
774	41
775	40
776	50
777	27
778	40
779	42
780	31
781	41
782	40
783	29
784	22
785	41
786	41
787	37
788	34
789	36
790	36
791	43
792	33
793	30
794	41
795	38
796	34
797	35
798	33
799	39
800	41
801	41
802	25
803	37
804	37
805	44
806	33
807	39
808	42
809	47
810	46
811	32
812	41
813	31
814	30
815	38
816	40
817	34
818	30
819	34
820	38
821	42
822	46
823	35
824	50
825	38
826	47
827	38
828	39
829	38
830	42
831	40
832	38
833	36
834	30
835	35
836	45
837	39
838	39
839	25
840	35
841	37
842	28
843	30
844	43
845	36
846	36
847	33
848	49
849	38
850	39
851	37
852	32
853	38
854	37
855	30
856	34
857	34
858	39
859	35
860	36
861	32
862	42
863	34
864	42
865	30
866	48
867	28
868	39
869	38
870	31
871	38
872	39
873	33
874	27
875	29
876	34
877	33
878	40
879	32
880	33
881	36
882	37
883	34
884	34
885	41
886	35
887	38
888	27
889	35
890	36
891	38
892	35
893	27
894	41
895	38
896	28
897	38
898	33
899	29
900	40
901	38
902	33
903	37
904	35
905	32
906	31
907	42
908	30
909	41
910	38
911	33
912	36
913	32
914	45
915	42
916	50
917	44
918	48
919	27
920	39
921	42
922	34
923	35
924	29
925	46
926	37
927	23
928	42
929	27
930	29
931	39
932	37
933	41
934	37
935	35
936	36
937	32
938	42
939	32
940	29
941	27
942	38
943	33
944	31
945	31
946	33
947	42
948	33
949	22
950	26
951	38
952	34
953	19
954	35
955	30
956	43
957	29
958	28
959	34
960	30
961	36
962	34
963	34
964	31
965	30
966	38
967	37
968	30
969	27
970	31
971	43
972	38
973	25
974	41
975	30
976	34
977	26
978	34
979	28
980	33
981	44
982	29
983	24
984	31
985	36
986	32
987	27
988	31
989	34
990	40
991	28
992	32
993	22
994	36
995	28
996	24
997	40
998	32
999	31
1000	34
1001	31
1002	30
1003	31
1004	29
1005	32
1006	34
1007	34
1008	21
1009	38
1010	34
1011	33
1012	37
1013	43
1014	26
1015	26
1016	28
1017	25
1018	33
1019	32
1020	34
1021	40
1022	33
1023	25
1024	37
1025	29
1026	37
1027	31
1028	30
1029	33
1030	35
1031	33
1032	32
1033	39
1034	34
1035	29
1036	40
1037	32
1038	36
1039	30
1040	37
1041	28
1042	39
1043	37
1044	29
1045	44
1046	33
1047	34
1048	31
1049	31
1050	36
1051	30
1052	47
1053	31
1054	31
1055	34
1056	43
1057	30
1058	30
1059	25
1060	34
1061	35
1062	32
1063	32
1064	40
1065	31
1066	30
1067	22
1068	31
1069	24
1070	37
1071	27
1072	30
1073	33
1074	21
1075	35
1076	32
1077	31
1078	15
1079	32
1080	25
1081	33
1082	27
1083	21
1084	31
1085	42
1086	28
1087	26
1088	24
1089	27
1090	26
1091	34
1092	37
1093	24
1094	31
1095	23
1096	30
1097	36
1098	35
1099	33
1100	27
1101	28
1102	46
1103	23
1104	27
1105	36
1106	37
1107	29
1108	22
1109	30
1110	31
1111	32
1112	30
1113	27
1114	31
1115	35
1116	33
1117	33
1118	35
1119	24
1120	32
1121	35
1122	35
1123	30
1124	28
1125	27
1126	21
1127	24
1128	25
1129	39
1130	35
1131	24
1132	26
1133	26
1134	31
1135	28
1136	33
1137	31
1138	44
1139	40
1140	39
1141	23
1142	32
1143	31
1144	36
1145	23
1146	38
1147	34
1148	34
1149	20
1150	31
1151	40
1152	31
1153	21
1154	28
1155	35
1156	30
1157	29
1158	35
1159	36
1160	34
1161	36
1162	28
1163	27
1164	29
1165	32
1166	33
1167	25
1168	24
1169	26
1170	31
1171	32
1172	31
1173	22
1174	32
1175	27
1176	27
1177	29
1178	19
1179	23
1180	31
1181	27
1182	39
1183	27
1184	22
1185	26
1186	31
1187	40
1188	21
1189	33
1190	36
1191	33
1192	29
1193	23
1194	33
1195	35
1196	30
1197	29
1198	35
1199	36
1200	26
1201	33
1202	19
1203	40
1204	25
1205	30
1206	24
1207	36
1208	27
1209	37
1210	31
1211	24
1212	27
1213	34
1214	34
1215	25
1216	26
1217	19
1218	26
1219	32
1220	33
1221	34
1222	27
1223	28
1224	32
1225	43
1226	31
1227	21
1228	25
1229	31
1230	35
1231	26
1232	23
1233	26
1234	33
1235	23
1236	20
1237	28
1238	35
1239	28
1240	30
1241	32
1242	36
1243	28
1244	27
1245	34
1246	32
1247	23
1248	30
1249	33
1250	26
1251	23
1252	36
1253	27
1254	36
1255	24
1256	25
1257	29
1258	28
1259	31
1260	22
1261	37
1262	25
1263	27
1264	36
1265	31
1266	26
1267	31
1268	30
1269	24
1270	20
1271	33
1272	23
1273	30
1274	22
1275	26
1276	21
1277	27
1278	25
1279	29
1280	31
1281	36
1282	24
1283	22
1284	18
1285	24
1286	29
1287	29
1288	35
1289	31
1290	36
1291	25
1292	37
1293	24
1294	23
1295	34
1296	24
1297	33
1298	36
1299	28
1300	36
1301	34
1302	27
1303	26
1304	21
1305	28
1306	37
1307	29
1308	28
1309	32
1310	23
1311	36
1312	32
1313	26
1314	39
1315	36
1316	38
1317	36
1318	39
1319	28
1320	29
1321	26
1322	24
1323	32
1324	34
1325	21
1326	31
1327	29
1328	14
1329	37
1330	33
1331	24
1332	27
1333	41
1334	26
1335	31
1336	34
1337	32
1338	25
1339	26
1340	26
1341	28
1342	22
1343	36
1344	21
1345	23
1346	26
1347	45
1348	24
1349	25
1350	32
1351	29
1352	31
1353	34
1354	32
1355	30
1356	25
1357	35
1358	27
1359	19
1360	37
1361	31
1362	28
1363	40
1364	33
1365	27
1366	30
1367	31
1368	24
1369	28
1370	37
1371	26
1372	26
1373	35
1374	27
1375	27
1376	35
1377	34
1378	30
1379	26
1380	27
1381	31
1382	29
1383	24
1384	40
1385	32
1386	38
1387	29
1388	31
1389	30
1390	31
1391	33
1392	35
1393	30
1394	33
1395	33
1396	27
1397	34
1398	29
1399	24
1400	21
1401	33
1402	31
1403	28
1404	27
1405	20
1406	28
1407	21
1408	34
1409	25
1410	29
1411	26
1412	34
1413	29
1414	37
1415	22
1416	32
1417	25
1418	25
1419	39
1420	29
1421	35
1422	26
1423	22
1424	25
1425	37
1426	28
1427	27
1428	32
1429	23
1430	25
1431	35
1432	29
1433	30
1434	31
1435	22
1436	32
1437	35
1438	31
1439	23
1440	28
1441	25
1442	30
1443	36
1444	28
1445	21
1446	37
1447	24
1448	23
1449	34
1450	24
1451	34
1452	22
1453	31
1454	19
1455	32
1456	36
1457	28
1458	28
1459	28
1460	26
1461	23
1462	32
1463	22
1464	38
1465	26
1466	32
1467	35
1468	24
1469	34
1470	30
1471	31
1472	31
1473	28
1474	28
1475	32
1476	36
1477	31
1478	38
1479	24
1480	25
1481	27
1482	30
1483	31
1484	36
1485	37
1486	43
1487	27
1488	29
1489	44
1490	35
1491	20
1492	29
1493	25
1494	22
1495	26
1496	27
1497	32
1498	21
1499	25
1500	27
1501	28
1502	29
1503	35
1504	21
1505	22
1506	33
1507	36
1508	27
1509	38
1510	32
1511	25
1512	35
1513	23
1514	44
1515	38
1516	29
1517	28
1518	29
1519	34
1520	26
1521	17
1522	33
1523	29
1524	25
1525	34
1526	31
1527	26
1528	24
1529	26
1530	25
1531	25
1532	41
1533	39
1534	34
1535	32
1536	25
1537	29
1538	24
1539	32
1540	26
1541	25
1542	21
1543	34
1544	30
1545	39
1546	35
1547	28
1548	29
1549	30
1550	25
1551	29
1552	27
1553	21
1554	27
1555	36
1556	25
1557	27
1558	29
1559	29
1560	35
1561	28
1562	33
1563	23
1564	18
1565	25
1566	32
1567	25
1568	31
1569	39
1570	38
1571	29
1572	25
1573	26
1574	24
1575	39
1576	26
1577	26
1578	33
1579	26
1580	28
1581	31
1582	33
1583	25
1584	29
1585	32
1586	17
1587	29
1588	32
1589	30
1590	23
1591	26
1592	29
1593	34
1594	31
1595	26
1596	20
1597	19
1598	31
1599	23
1600	36
1601	31
1602	25
1603	34
1604	30
1605	27
1606	28
1607	33
1608	29
1609	30
1610	15
1611	32
1612	23
1613	30
1614	27
1615	24
1616	19
1617	28
1618	29
1619	23
1620	26
1621	31
1622	24
1623	35
1624	35
1625	23
1626	28
1627	35
1628	27
1629	25
1630	26
1631	30
1632	26
1633	32
1634	32
1635	25
1636	32
1637	26
1638	30
1639	33
1640	23
1641	36
1642	24
1643	39
1644	26
1645	25
1646	27
1647	37
1648	23
1649	28
1650	27
1651	29
1652	32
1653	31
1654	31
1655	29
1656	26
1657	30
1658	29
1659	29
1660	32
1661	33
1662	24
1663	25
1664	29
1665	25
1666	29
1667	24
1668	28
1669	35
1670	35
1671	24
1672	28
1673	29
1674	22
1675	31
1676	25
1677	25
1678	33
1679	33
1680	34
1681	29
1682	22
1683	23
1684	33
1685	22
1686	37
1687	25
1688	31
1689	29
1690	27
1691	25
1692	26
1693	30
1694	28
1695	30
1696	33
1697	26
1698	17
1699	24
1700	38
1701	19
1702	31
1703	30
1704	28
1705	28
1706	27
1707	38
1708	28
1709	28
1710	35
1711	28
1712	23
1713	24
1714	24
1715	26
1716	30
1717	23
1718	34
1719	32
1720	24
1721	37
1722	28
1723	25
1724	28
1725	29
1726	33
1727	28
1728	24
1729	33
1730	22
1731	29
1732	28
1733	27
1734	28
1735	29
1736	36
1737	34
1738	26
1739	26
1740	28
1741	21
1742	32
1743	36
1744	22
1745	19
1746	33
1747	37
1748	18
1749	25
1750	30
1751	33
1752	27
1753	31
1754	30
1755	22
1756	21
1757	34
1758	28
1759	26
1760	30
1761	25
1762	30
1763	26
1764	29
1765	21
1766	34
1767	37
1768	30
1769	23
1770	29
1771	33
1772	24
1773	25
1774	29
1775	22
1776	26
1777	32
1778	33
1779	37
1780	20
1781	21
1782	28
1783	21
1784	15
1785	32
1786	24
1787	40
1788	33
1789	29
1790	21
1791	30
1792	31
1793	34
1794	25
1795	33
1796	31
1797	27
1798	26
1799	35
1800	39
1801	24
1802	27
1803	35
1804	22
1805	28
1806	21
1807	30
1808	26
1809	22
1810	34
1811	32
1812	34
1813	26
1814	24
1815	31
1816	25
1817	26
1818	29
1819	29
1820	33
1821	35
1822	43
1823	33
1824	33
1825	33
1826	20
1827	42
1828	33
1829	22
1830	30
1831	29
1832	21
1833	26
1834	25
1835	25
1836	25
1837	19
1838	26
1839	36
1840	23
1841	27
1842	25
1843	18
1844	29
1845	29
1846	37
1847	39
1848	22
1849	28
1850	20
1851	35
1852	28
1853	25
1854	27
1855	28
1856	34
1857	33
1858	32
1859	38
1860	25
1861	30
1862	31
1863	31
1864	28
1865	30
1866	21
1867	26
1868	22
1869	26
1870	25
1871	23
1872	36
1873	23
1874	34
1875	30
1876	34
1877	35
1878	25
1879	32
1880	31
1881	27
1882	38
1883	32
1884	28
1885	28
1886	25
1887	23
1888	32
1889	21
1890	27
1891	30
1892	29
1893	27
1894	29
1895	24
1896	34
1897	34
1898	14
1899	28
1900	29
1901	20
1902	25
1903	36
1904	22
1905	29
1906	27
1907	41
1908	34
1909	31
1910	39
1911	28
1912	34
1913	29
1914	33
1915	31
1916	36
1917	35
1918	34
1919	31
1920	33
1921	35
1922	30
1923	35
1924	24
1925	27
1926	27
1927	35
1928	24
1929	27
1930	26
1931	27
1932	33
1933	33
1934	44
1935	25
1936	29
1937	22
1938	29
1939	36
1940	21
1941	36
1942	25
1943	26
1944	32
1945	29
1946	28
1947	29
1948	25
1949	36
1950	26
1951	25
1952	34
1953	29
1954	33
1955	27
1956	34
1957	20
1958	38
1959	33
1960	25
1961	23
1962	27
1963	32
1964	27
1965	38
1966	24
1967	23
1968	29
1969	31
1970	24
1971	31
1972	24
1973	31
1974	28
1975	35
1976	29
1977	31
1978	29
1979	23
1980	31
1981	27
1982	24
1983	28
1984	32
1985	31
1986	33
1987	29
1988	33
1989	31
1990	29
1991	26
1992	29
1993	24
1994	27
1995	23
1996	30
1997	37
1998	36
1999	38
2000	29
2001	42
2002	25
2003	30
2004	33
2005	30
2006	27
2007	25
2008	26
2009	26
2010	38
2011	32
2012	27
2013	23
2014	29
2015	30
2016	29
2017	25
2018	27
2019	18
2020	25
2021	37
2022	34
2023	34
2024	26
2025	25
2026	14
2027	31
2028	26
2029	34
2030	27
2031	27
2032	32
2033	25
2034	23
2035	40
2036	24
2037	31
2038	32
2039	23
2040	33
2041	27
2042	29
2043	42
2044	30
2045	28
2046	24
2047	26
2048	28
2049	29
2050	24
2051	33
2052	28
2053	28
2054	40
2055	24
2056	38
2057	28
2058	29
2059	25
2060	25
2061	34
2062	40
2063	21
2064	25
2065	30
2066	32
2067	32
2068	27
2069	28
2070	28
2071	31
2072	26
2073	35
2074	31
2075	29
2076	25
2077	25
2078	34
2079	34
2080	28
2081	38
2082	33
2083	38
2084	36
2085	25
2086	31
2087	25
2088	26
2089	19
2090	30
2091	41
2092	36
2093	38
2094	34
2095	33
2096	26
2097	37
2098	33
2099	33
2100	28
2101	28
2102	33
2103	31
2104	26
2105	26
2106	31
2107	23
2108	32
2109	32
2110	39
2111	24
2112	32
2113	29
2114	38
2115	30
2116	28
2117	26
2118	32
2119	22
2120	27
2121	30
2122	38
2123	20
2124	34
2125	36
2126	28
2127	35
2128	39
2129	29
2130	34
2131	34
2132	30
2133	37
2134	28
2135	36
2136	35
2137	31
2138	29
2139	30
2140	26
2141	37
2142	30
2143	34
2144	43
2145	35
2146	36
2147	24
2148	22
2149	24
2150	29
2151	33
2152	23
2153	35
2154	25
2155	30
2156	28
2157	24
2158	27
2159	47
2160	35
2161	16
2162	37
2163	31
2164	31
2165	30
2166	33
2167	36
2168	27
2169	35
2170	34
2171	33
2172	31
2173	28
2174	37
2175	35
2176	33
2177	29
2178	41
2179	27
2180	21
2181	33
2182	29
2183	32
2184	30
2185	29
2186	30
2187	42
2188	31
2189	29
2190	36
2191	35
2192	22
2193	32
2194	29
2195	29
2196	32
2197	29
2198	36
2199	28
2200	31
2201	27
2202	36
2203	29
2204	29
2205	32
2206	38
2207	24
2208	35
2209	26
2210	31
2211	30
2212	24
2213	37
2214	23
2215	26
2216	30
2217	43
2218	33
2219	26
2220	27
2221	27
2222	33
2223	20
2224	27
2225	28
2226	28
2227	23
2228	32
2229	24
2230	37
2231	33
2232	19
2233	31
2234	37
2235	30
2236	35
2237	34
2238	19
2239	29
2240	32
2241	31
2242	26
2243	39
2244	29
2245	31
2246	40
2247	28
2248	33
2249	27
2250	34
2251	31
2252	32
2253	41
2254	20
2255	25
2256	36
2257	35
2258	32
2259	35
2260	31
2261	26
2262	33
2263	40
2264	37
2265	37
2266	31
2267	18
2268	31
2269	35
2270	41
2271	33
2272	42
2273	37
2274	41
2275	28
2276	34
2277	26
2278	33
2279	47
2280	31
2281	28
2282	38
2283	36
2284	30
2285	35
2286	42
2287	29
2288	35
2289	29
2290	30
2291	26
2292	33
2293	35
2294	37
2295	25
2296	32
2297	26
2298	28
2299	42
2300	29
2301	34
2302	35
2303	30
2304	25
2305	33
2306	31
2307	30
2308	38
2309	29
2310	39
2311	28
2312	32
2313	31
2314	30
2315	29
2316	33
2317	35
2318	39
2319	34
2320	44
2321	30
2322	40
2323	31
2324	30
2325	45
2326	33
2327	35
2328	30
2329	29
2330	33
2331	33
2332	30
2333	44
2334	27
2335	45
2336	39
2337	37
2338	30
2339	37
2340	32
2341	27
2342	45
2343	35
2344	31
2345	34
2346	40
2347	33
2348	38
2349	33
2350	26
2351	26
2352	20
2353	41
2354	36
2355	34
2356	40
2357	30
2358	41
2359	40
2360	30
2361	43
2362	27
2363	38
2364	27
2365	28
2366	39
2367	40
2368	27
2369	24
2370	30
2371	33
2372	35
2373	36
2374	30
2375	35
2376	28
2377	32
2378	32
2379	34
2380	36
2381	28
2382	42
2383	26
2384	33
2385	20
2386	42
2387	45
2388	29
2389	35
2390	28
2391	34
2392	32
2393	30
2394	29
2395	39
2396	38
2397	41
2398	34
2399	44
2400	34
2401	33
2402	27
2403	42
2404	34
2405	27
2406	38
2407	37
2408	33
2409	43
2410	37
2411	37
2412	33
2413	37
2414	23
2415	30
2416	36
2417	28
2418	32
2419	34
2420	39
2421	35
2422	42
2423	34
2424	45
2425	34
2426	55
2427	36
2428	40
2429	46
2430	43
2431	43
2432	37
2433	36
2434	33
2435	49
2436	40
2437	34
2438	44
2439	37
2440	36
2441	35
2442	33
2443	33
2444	32
2445	26
2446	37
2447	30
2448	32
2449	24
2450	32
2451	35
2452	25
2453	24
2454	43
2455	32
2456	37
2457	34
2458	38
2459	27
2460	27
2461	33
2462	27
2463	33
2464	36
2465	28
2466	28
2467	39
2468	30
2469	25
2470	36
2471	32
2472	40
2473	36
2474	55
2475	40
2476	33
2477	39
2478	39
2479	30
2480	40
2481	36
2482	38
2483	35
2484	45
2485	42
2486	34
2487	33
2488	49
2489	33
2490	33
2491	34
2492	42
2493	41
2494	38
2495	36
2496	46
2497	29
2498	35
2499	44
2500	36
2501	40
2502	31
2503	47
2504	47
2505	43
2506	42
2507	40
2508	44
2509	38
2510	38
2511	39
2512	33
2513	47
2514	37
2515	45
2516	32
2517	40
2518	33
2519	33
2520	43
2521	43
2522	37
2523	33
2524	40
2525	40
2526	27
2527	43
2528	31
2529	38
2530	44
2531	28
2532	43
2533	48
2534	34
2535	35
2536	38
2537	48
2538	36
2539	40
2540	35
2541	32
2542	50
2543	34
2544	32
2545	41
2546	35
2547	47
2548	45
2549	47
2550	39
2551	34
2552	39
2553	32
2554	42
2555	45
2556	43
2557	44
2558	50
2559	37
2560	46
2561	38
2562	36
2563	57
2564	36
2565	39
2566	39
2567	46
2568	41
2569	47
2570	50
2571	46
2572	43
2573	41
2574	46
2575	38
2576	40
2577	33
2578	37
2579	39
2580	43
2581	39
2582	48
2583	36
2584	33
2585	39
2586	46
2587	29
2588	38
2589	31
2590	34
2591	39
2592	42
2593	51
2594	40
2595	46
2596	35
2597	46
2598	36
2599	40
2600	32
2601	38
2602	48
2603	44
2604	33
2605	36
2606	35
2607	40
2608	45
2609	41
2610	30
2611	33
2612	38
2613	40
2614	44
2615	52
2616	43
2617	35
2618	41
2619	41
2620	38
2621	36
2622	54
2623	49
2624	46
2625	40
2626	48
2627	52
2628	44
2629	40
2630	47
2631	48
2632	37
2633	50
2634	54
2635	42
2636	40
2637	42
2638	43
2639	47
2640	40
2641	42
2642	43
2643	38
2644	47
2645	34
2646	40
2647	29
2648	44
2649	34
2650	41
2651	50
2652	47
2653	41
2654	55
2655	39
2656	29
2657	38
2658	46
2659	57
2660	46
2661	34
2662	38
2663	51
2664	46
2665	58
2666	43
2667	50
2668	47
2669	44
2670	47
2671	50
2672	32
2673	45
2674	43
2675	48
2676	41
2677	39
2678	48
2679	53
2680	43
2681	46
2682	31
2683	43
2684	40
2685	48
2686	51
2687	47
2688	58
2689	49
2690	49
2691	60
2692	35
2693	44
2694	46
2695	42
2696	48
2697	42
2698	50
2699	45
2700	43
2701	57
2702	48
2703	51
2704	64
2705	53
2706	43
2707	49
2708	48
2709	53
2710	38
2711	29
2712	63
2713	40
2714	48
2715	38
2716	54
2717	47
2718	42
2719	55
2720	42
2721	50
2722	46
2723	46
2724	44
2725	48
2726	53
2727	35
2728	50
2729	57
2730	49
2731	53
2732	44
2733	48
2734	44
2735	47
2736	35
2737	42
2738	46
2739	54
2740	53
2741	33
2742	55
2743	42
2744	44
2745	46
2746	62
2747	48
2748	47
2749	53
2750	53
2751	47
2752	45
2753	45
2754	45
2755	49
2756	52
2757	50
2758	50
2759	41
2760	54
2761	37
2762	59
2763	55
2764	46
2765	55
2766	43
2767	40
2768	53
2769	37
2770	59
2771	64
2772	46
2773	57
2774	55
2775	41
2776	46
2777	60
2778	47
2779	43
2780	44
2781	48
2782	44
2783	50
2784	42
2785	58
2786	55
2787	54
2788	51
2789	56
2790	52
2791	41
2792	51
2793	41
2794	44
2795	46
2796	52
2797	47
2798	55
2799	39
2800	37
2801	41
2802	64
2803	46
2804	59
2805	53
2806	53
2807	48
2808	49
2809	51
2810	39
2811	33
2812	43
2813	49
2814	48
2815	50
2816	53
2817	48
2818	59
2819	48
2820	57
2821	46
2822	49
2823	49
2824	44
2825	44
2826	49
2827	62
2828	59
2829	55
2830	48
2831	58
2832	59
2833	46
2834	54
2835	57
2836	46
2837	53
2838	36
2839	45
2840	57
2841	69
2842	57
2843	40
2844	60
2845	39
2846	43
2847	48
2848	36
2849	52
2850	52
2851	37
2852	46
2853	45
2854	41
2855	41
2856	45
2857	47
2858	35
2859	47
2860	44
2861	36
2862	35
2863	42
2864	45
2865	49
2866	42
2867	28
2868	45
2869	36
2870	39
2871	41
2872	43
2873	34
2874	34
2875	38
2876	42
2877	32
2878	45
2879	48
2880	41
2881	43
2882	36
2883	43
2884	44
2885	37
2886	35
2887	36
2888	42
2889	36
2890	41
2891	35
2892	38
2893	36
2894	38
2895	46
2896	35
2897	47
2898	41
2899	54
2900	32
2901	38
2902	39
2903	27
2904	35
2905	46
2906	24
2907	35
2908	42
2909	44
2910	36
2911	47
2912	34
2913	48
2914	41
2915	40
2916	32
2917	43
2918	28
2919	40
2920	37
2921	35
2922	27
2923	39
2924	31
2925	40
2926	29
2927	44
2928	44
2929	41
2930	35
2931	35
2932	48
2933	31
2934	49
2935	32
2936	27
2937	24
2938	35
2939	46
2940	42
2941	33
2942	42
2943	34
2944	41
2945	30
2946	36
2947	45
2948	38
2949	34
2950	37
2951	35
2952	41
2953	44
2954	26
2955	25
2956	36
2957	34
2958	32
2959	39
2960	37
2961	48
2962	31
2963	36
2964	34
2965	35
2966	44
2967	28
2968	36
2969	26
2970	38
2971	35
2972	31
2973	38
2974	31
2975	34
2976	28
2977	37
2978	29
2979	41
2980	33
2981	43
2982	37
2983	45
2984	35
2985	38
2986	44
2987	42
2988	35
2989	39
2990	35
2991	34
2992	35
2993	38
2994	32
2995	36
2996	31
2997	33
2998	25
2999	33
3000	31
3001	27
3002	35
3003	25
3004	37
3005	37
3006	35
3007	36
3008	41
3009	32
3010	35
3011	36
3012	37
3013	45
3014	36
3015	29
3016	29
3017	39
3018	28
3019	38
3020	31
3021	36
3022	33
3023	41
3024	36
3025	26
3026	34
3027	36
3028	38
3029	28
3030	39
3031	39
3032	23
3033	44
3034	29
3035	28
3036	38
3037	27
3038	32
3039	36
3040	43
3041	29
3042	26
3043	27
3044	28
3045	31
3046	28
3047	53
3048	33
3049	27
3050	38
3051	28
3052	33
3053	46
3054	33
3055	36
3056	45
3057	37
3058	31
3059	40
3060	34
3061	24
3062	42
3063	25
3064	32
3065	23
3066	28
3067	32
3068	36
3069	39
3070	37
3071	38
3072	41
3073	29
3074	38
3075	31
3076	31
3077	33
3078	28
3079	26
3080	35
3081	39
3082	32
3083	34
3084	34
3085	35
3086	22
3087	30
3088	29
3089	27
3090	37
3091	35
3092	29
3093	39
3094	41
3095	31
3096	27
3097	36
3098	32
3099	28
3100	24
3101	33
3102	35
3103	36
3104	30
3105	31
3106	29
3107	31
3108	25
3109	35
3110	43
3111	36
3112	27
3113	35
3114	29
3115	20
3116	36
3117	34
3118	33
3119	38
3120	30
3121	30
3122	26
3123	38
3124	33
3125	23
3126	26
3127	30
3128	33
3129	37
3130	23
3131	35
3132	31
3133	40
3134	25
3135	34
3136	40
3137	33
3138	24
3139	22
3140	42
3141	47
3142	40
3143	26
3144	29
3145	29
3146	29
3147	30
3148	39
3149	34
3150	38
3151	40
3152	30
3153	29
3154	38
3155	43
3156	33
3157	27
3158	37
3159	42
3160	22
3161	29
3162	24
3163	33
3164	37
3165	30
3166	23
3167	32
3168	24
3169	42
3170	41
3171	30
3172	41
3173	31
3174	36
3175	27
3176	42
3177	21
3178	22
3179	32
3180	21
3181	25
3182	34
3183	24
3184	28
3185	32
3186	30
3187	44
3188	42
3189	29
3190	31
3191	31
3192	29
3193	39
3194	37
3195	25
3196	33
3197	39
3198	31
3199	40
3200	27
3201	27
3202	34
3203	32
3204	33
3205	39
3206	36
3207	36
3208	40
3209	27
3210	30
3211	31
3212	39
3213	35
3214	28
3215	41
3216	26
3217	38
3218	39
3219	29
3220	48
3221	27
3222	32
3223	31
3224	36
3225	38
3226	33
3227	44
3228	31
3229	23
3230	37
3231	28
3232	24
3233	31
3234	32
3235	34
3236	37
3237	36
3238	33
3239	33
3240	40
3241	44
3242	30
3243	36
3244	45
3245	37
3246	46
3247	23
3248	35
3249	36
3250	29
3251	48
3252	30
3253	36
3254	27
3255	33
3256	40
3257	33
3258	41
3259	35
3260	41
3261	34
3262	36
3263	28
3264	35
3265	33
3266	38
3267	40
3268	43
3269	30
3270	23
3271	33
3272	30
3273	37
3274	37
3275	28
3276	41
3277	43
3278	26
3279	42
3280	37
3281	34
3282	36
3283	33
3284	35
3285	28
3286	29
3287	32
3288	32
3289	37
3290	29
3291	35
3292	35
3293	32
3294	47
3295	40
3296	37
3297	31
3298	33
3299	41
3300	28
3301	44
3302	24
3303	38
3304	33
3305	24
3306	24
3307	30
3308	27
3309	29
3310	23
3311	22
3312	33
3313	17
3314	30
3315	31
3316	21
3317	22
3318	38
3319	32
3320	34
3321	23
3322	28
3323	19
3324	26
3325	28
3326	18
3327	24
3328	24
3329	26
3330	19
3331	18
3332	28
3333	19
3334	16
3335	16
3336	30
3337	20
3338	24
3339	23
3340	22
3341	31
3342	18
3343	24
3344	20
3345	24
3346	21
3347	20
3348	18
3349	21
3350	23
3351	15
3352	20
3353	20
3354	20
3355	20
3356	14
3357	29
3358	22
3359	14
3360	21
3361	27
3362	24
3363	27
3364	20
3365	21
3366	18
3367	23
3368	18
3369	22
3370	20
3371	21
3372	22
3373	20
3374	17
3375	21
3376	17
3377	18
3378	13
3379	25
3380	15
3381	23
3382	19
3383	15
3384	21
3385	24
3386	20
3387	16
3388	17
3389	20
3390	17
3391	24
3392	20
3393	16
3394	16
3395	18
3396	15
3397	26
3398	25
3399	20
3400	15
3401	17
3402	18
3403	11
3404	16
3405	22
3406	15
3407	23
3408	17
3409	23
3410	16
3411	15
3412	16
3413	25
3414	21
3415	17
3416	17
3417	13
3418	10
3419	10
3420	8
3421	18
3422	17
3423	8
3424	18
3425	12
3426	19
3427	10
3428	13
3429	20
3430	12
3431	15
3432	15
3433	23
3434	21
3435	26
3436	24
3437	19
3438	19
3439	22
3440	11
3441	19
3442	15
3443	18
3444	17
3445	19
3446	11
3447	16
3448	16
3449	14
3450	26
3451	18
3452	14
3453	12
3454	12
3455	23
3456	20
3457	19
3458	10
3459	21
3460	15
3461	24
3462	60
3463	192
3464	426
3465	939
3466	1625
3467	2049
3468	2196
3469	1701
3470	1049
3471	454
3472	202
3473	56
3474	27
3475	18
3476	17
3477	10
3478	9
3479	12
3480	11
3481	10
3482	16
3483	14
3484	17
3485	10
3486	9
3487	16
3488	12
3489	15
3490	10
3491	9
3492	7
3493	10
3494	10
3495	14
3496	12
3497	8
3498	10
3499	13
3500	12
3501	11
3502	8
3503	9
3504	12
3505	15
3506	14
3507	11
3508	16
3509	11
3510	11
3511	9
3512	11
3513	17
3514	9
3515	8
3516	11
3517	8
3518	9
3519	11
3520	16
3521	7
3522	12
3523	8
3524	16
3525	11
3526	9
3527	16
3528	9
3529	13
3530	7
3531	14
3532	8
3533	5
3534	14
3535	9
3536	15
3537	14
3538	8
3539	11
3540	12
3541	7
3542	9
3543	9
3544	6
3545	14
3546	14
3547	10
3548	6
3549	16
3550	4
3551	9
3552	6
3553	5
3554	9
3555	5
3556	11
3557	7
3558	8
3559	10
3560	6
3561	9
3562	10
3563	5
3564	11
3565	7
3566	7
3567	10
3568	15
3569	10
3570	10
3571	7
3572	6
3573	4
3574	9
3575	3
3576	14
3577	14
3578	6
3579	6
3580	7
3581	3
3582	12
3583	4
3584	13
3585	7
3586	5
3587	6
3588	2
3589	7
3590	12
3591	6
3592	5
3593	6
3594	8
3595	5
3596	11
3597	9
3598	15
3599	4
3600	12
3601	9
3602	10
3603	6
3604	1
3605	16
3606	8
3607	7
3608	12
3609	7
3610	5
3611	6
3612	8
3613	11
3614	9
3615	7
3616	6
3617	4
3618	5
3619	10
3620	8
3621	4
3622	11
3623	6
3624	7
3625	6
3626	4
3627	11
3628	4
3629	8
3630	6
3631	4
3632	5
3633	11
3634	8
3635	6
3636	2
3637	6
3638	5
3639	5
3640	11
3641	7
3642	3
3643	6
3644	4
3645	6
3646	5
3647	10
3648	5
3649	5
3650	6
3651	5
3652	5
3653	4
3654	6
3655	4
3656	6
3657	8
3658	5
3659	7
3660	5
3661	2
3662	3
3663	3
3664	6
3665	2
3666	11
3667	3
3668	4
3669	7
3670	2
3671	7
3672	6
3673	4
3674	4
3675	5
3676	3
3677	3
3678	6
3679	6
3680	4
3681	3
3682	3
3683	2
3684	5
3685	1
3686	5
3687	1
3688	3
3689	0
3690	6
3691	5
3692	7
3693	5
3694	2
3695	4
3696	7
3697	5
3698	2
3699	11
3700	2
3701	4
3702	4
3703	2
3704	2
3705	5
3706	5
3707	3
3708	7
3709	5
3710	6
3711	2
3712	3
3713	8
3714	6
3715	6
3716	4
3717	4
3718	4
3719	3
3720	6
3721	4
3722	2
3723	5
3724	1
3725	2
3726	10
3727	3
3728	4
3729	9
3730	8
3731	3
3732	7
3733	3
3734	5
3735	0
3736	4
3737	4
3738	2
3739	5
3740	5
3741	5
3742	5
3743	6
3744	12
3745	0
3746	5
3747	1
3748	4
3749	7
3750	8
3751	2
3752	6
3753	2
3754	6
3755	2
3756	3
3757	3
3758	4
3759	6
3760	5
3761	8
3762	6
3763	4
3764	6
3765	2
3766	5
3767	2
3768	2
3769	4
3770	5
3771	4
3772	8
3773	3
3774	5
3775	5
3776	3
3777	2
3778	5
3779	9
3780	3
3781	2
3782	3
3783	2
3784	6
3785	3
3786	3
3787	4
3788	2
3789	2
3790	5
3791	0
3792	4
3793	9
3794	5
3795	5
3796	5
3797	1
3798	5
3799	7
3800	2
3801	4
3802	6
3803	2
3804	6
3805	6
3806	2
3807	3
3808	5
3809	3
3810	7
3811	1
3812	1
3813	3
3814	5
3815	7
3816	3
3817	3
3818	3
3819	4
3820	5
3821	6
3822	2
3823	2
3824	2
3825	4
3826	4
3827	3
3828	3
3829	4
3830	1
3831	1
3832	3
3833	6
3834	2
3835	4
3836	2
3837	1
3838	5
3839	2
3840	4
3841	4
3842	5
3843	2
3844	1
3845	6
3846	7
3847	3
3848	3
3849	4
3850	5
3851	3
3852	4
3853	3
3854	5
3855	1
3856	2
3857	4
3858	4
3859	4
3860	1
3861	5
3862	1
3863	1
3864	6
3865	4
3866	4
3867	5
3868	1
3869	6
3870	5
3871	6
3872	6
3873	3
3874	6
3875	4
3876	3
3877	1
3878	2
3879	1
3880	6
3881	6
3882	4
3883	1
3884	1
3885	4
3886	5
3887	2
3888	4
3889	2
3890	5
3891	1
3892	1
3893	3
3894	3
3895	6
3896	1
3897	4
3898	1
3899	5
3900	2
3901	9
3902	3
3903	4
3904	8
3905	2
3906	2
3907	5
3908	8
3909	2
3910	3
3911	3
3912	3
3913	1
3914	1
3915	5
3916	3
3917	4
3918	5
3919	5
3920	4
3921	2
3922	4
3923	5
3924	5
3925	1
3926	4
3927	0
3928	7
3929	5
3930	8
3931	7
3932	6
3933	37
3934	133
3935	331
3936	725
3937	1219
3938	1710
3939	1789
3940	1577
3941	1008
3942	572
3943	231
3944	86
3945	32
3946	4
3947	6
3948	5
3949	2
3950	4
3951	5
3952	2
3953	2
3954	3
3955	2
3956	2
3957	3
3958	1
3959	4
3960	3
3961	3
3962	1
3963	1
3964	1
3965	4
3966	3
3967	2
3968	1
3969	2
3970	3
3971	1
3972	0
3973	0
3974	3
3975	0
3976	0
3977	4
3978	1
3979	3
3980	1
3981	2
3982	5
3983	3
3984	3
3985	4
3986	0
3987	3
3988	1
3989	3
3990	3
3991	1
3992	3
3993	1
3994	1
3995	6
3996	4
3997	2
3998	1
3999	1
4000	2
4001	1
4002	4
4003	2
4004	2
4005	1
4006	0
4007	1
4008	1
4009	3
4010	1
4011	0
4012	5
4013	0
4014	2
4015	3
4016	2
4017	1
4018	1
4019	0
4020	0
4021	2
4022	1
4023	1
4024	1
4025	2
4026	3
4027	3
4028	3
4029	0
4030	1
4031	0
4032	1
4033	1
4034	2
4035	2
4036	2
4037	1
4038	0
4039	1
4040	0
4041	2
4042	0
4043	0
4044	1
4045	1
4046	5
4047	0
4048	1
4049	2
4050	3
4051	0
4052	2
4053	1
4054	1
4055	2
4056	2
4057	2
4058	4
4059	0
4060	1
4061	5
4062	1
4063	0
4064	1
4065	4
4066	2
4067	2
4068	1
4069	5
4070	3
4071	3
4072	3
4073	4
4074	1
4075	2
4076	0
4077	0
4078	2
4079	0
4080	3
4081	1
4082	0
4083	0
4084	2
4085	2
4086	1
4087	0
4088	3
4089	0
4090	0
4091	1
4092	3
4093	1
4094	0
4095	0
4096	0
