kanaal	counts
1	0
2	0
3	0
4	0
5	0
6	0
7	0
8	0
9	0
10	0
11	0
12	0
13	0
14	0
15	0
16	0
17	0
18	0
19	0
20	0
21	0
22	0
23	0
24	0
25	0
26	0
27	0
28	0
29	0
30	0
31	0
32	0
33	0
34	0
35	0
36	0
37	0
38	0
39	0
40	0
41	0
42	0
43	0
44	0
45	3
46	29
47	71
48	77
49	80
50	71
51	77
52	68
53	80
54	64
55	66
56	81
57	75
58	72
59	84
60	61
61	61
62	64
63	79
64	71
65	64
66	72
67	73
68	61
69	73
70	64
71	68
72	64
73	66
74	65
75	73
76	59
77	58
78	54
79	66
80	56
81	58
82	67
83	53
84	61
85	58
86	56
87	62
88	67
89	61
90	72
91	63
92	73
93	64
94	47
95	56
96	72
97	46
98	59
99	54
100	57
101	63
102	59
103	54
104	49
105	63
106	67
107	50
108	53
109	61
110	51
111	43
112	59
113	53
114	55
115	54
116	53
117	66
118	58
119	54
120	43
121	52
122	52
123	55
124	52
125	54
126	39
127	61
128	58
129	43
130	68
131	50
132	47
133	60
134	49
135	53
136	51
137	60
138	52
139	53
140	57
141	54
142	67
143	54
144	47
145	55
146	56
147	54
148	52
149	40
150	50
151	48
152	50
153	55
154	64
155	57
156	60
157	43
158	52
159	50
160	56
161	43
162	51
163	54
164	55
165	38
166	51
167	62
168	48
169	48
170	57
171	52
172	68
173	39
174	40
175	44
176	47
177	56
178	45
179	45
180	51
181	58
182	41
183	35
184	49
185	40
186	44
187	61
188	56
189	46
190	47
191	48
192	57
193	51
194	53
195	59
196	54
197	62
198	70
199	51
200	59
201	53
202	43
203	53
204	57
205	41
206	55
207	51
208	61
209	48
210	53
211	52
212	50
213	40
214	43
215	49
216	55
217	48
218	38
219	54
220	51
221	52
222	43
223	49
224	44
225	51
226	48
227	46
228	51
229	49
230	48
231	38
232	26
233	47
234	47
235	44
236	38
237	49
238	34
239	53
240	61
241	53
242	42
243	38
244	54
245	38
246	45
247	45
248	52
249	46
250	50
251	39
252	48
253	47
254	52
255	49
256	51
257	41
258	40
259	50
260	47
261	41
262	46
263	50
264	46
265	60
266	45
267	41
268	42
269	35
270	54
271	53
272	48
273	61
274	39
275	52
276	50
277	47
278	42
279	43
280	55
281	47
282	37
283	38
284	55
285	56
286	47
287	54
288	40
289	43
290	49
291	47
292	54
293	49
294	45
295	44
296	41
297	37
298	57
299	36
300	47
301	46
302	57
303	56
304	51
305	41
306	55
307	57
308	52
309	50
310	56
311	47
312	33
313	53
314	50
315	55
316	57
317	45
318	51
319	64
320	47
321	52
322	41
323	57
324	48
325	53
326	50
327	50
328	44
329	50
330	57
331	50
332	35
333	62
334	54
335	46
336	55
337	53
338	56
339	40
340	49
341	54
342	46
343	52
344	48
345	43
346	55
347	39
348	49
349	50
350	48
351	59
352	57
353	57
354	51
355	62
356	66
357	58
358	59
359	46
360	55
361	51
362	59
363	50
364	68
365	50
366	48
367	66
368	63
369	54
370	52
371	61
372	56
373	57
374	48
375	46
376	42
377	49
378	58
379	60
380	56
381	67
382	40
383	57
384	56
385	40
386	51
387	42
388	60
389	58
390	51
391	57
392	46
393	48
394	55
395	44
396	69
397	43
398	54
399	52
400	49
401	40
402	52
403	56
404	56
405	57
406	37
407	50
408	64
409	62
410	54
411	46
412	47
413	55
414	56
415	60
416	58
417	60
418	42
419	47
420	62
421	53
422	52
423	48
424	50
425	49
426	51
427	50
428	67
429	50
430	45
431	54
432	51
433	45
434	53
435	51
436	60
437	49
438	51
439	50
440	69
441	54
442	52
443	58
444	57
445	56
446	55
447	51
448	44
449	53
450	53
451	69
452	68
453	48
454	56
455	69
456	53
457	47
458	58
459	54
460	56
461	43
462	52
463	59
464	57
465	59
466	59
467	57
468	75
469	59
470	57
471	42
472	47
473	62
474	68
475	61
476	52
477	45
478	57
479	54
480	46
481	56
482	51
483	59
484	66
485	62
486	61
487	53
488	49
489	64
490	50
491	69
492	52
493	56
494	65
495	48
496	72
497	79
498	58
499	80
500	61
501	63
502	65
503	48
504	46
505	56
506	76
507	66
508	79
509	57
510	69
511	69
512	59
513	62
514	77
515	70
516	59
517	63
518	75
519	62
520	71
521	66
522	62
523	68
524	74
525	81
526	59
527	51
528	74
529	67
530	78
531	63
532	75
533	63
534	58
535	84
536	72
537	67
538	68
539	75
540	54
541	55
542	68
543	72
544	59
545	69
546	56
547	60
548	50
549	62
550	50
551	50
552	51
553	70
554	58
555	58
556	64
557	58
558	64
559	69
560	67
561	53
562	58
563	52
564	45
565	70
566	57
567	71
568	54
569	63
570	60
571	59
572	51
573	67
574	64
575	53
576	62
577	68
578	42
579	52
580	58
581	60
582	48
583	50
584	67
585	60
586	67
587	63
588	62
589	51
590	70
591	64
592	55
593	62
594	61
595	60
596	63
597	53
598	62
599	55
600	55
601	64
602	57
603	62
604	59
605	45
606	64
607	68
608	55
609	51
610	54
611	51
612	60
613	40
614	61
615	50
616	76
617	54
618	64
619	47
620	56
621	74
622	48
623	60
624	52
625	53
626	60
627	57
628	57
629	43
630	74
631	48
632	58
633	51
634	65
635	67
636	72
637	74
638	53
639	54
640	53
641	64
642	61
643	58
644	60
645	66
646	55
647	50
648	47
649	67
650	61
651	59
652	57
653	48
654	51
655	54
656	53
657	73
658	66
659	68
660	66
661	47
662	48
663	44
664	74
665	60
666	48
667	73
668	58
669	56
670	39
671	54
672	46
673	56
674	56
675	62
676	55
677	53
678	49
679	66
680	61
681	62
682	60
683	53
684	59
685	50
686	47
687	50
688	55
689	62
690	42
691	55
692	53
693	52
694	51
695	41
696	53
697	69
698	66
699	53
700	42
701	55
702	40
703	64
704	51
705	57
706	47
707	54
708	53
709	46
710	45
711	46
712	63
713	54
714	55
715	45
716	65
717	52
718	53
719	54
720	58
721	52
722	56
723	46
724	36
725	49
726	54
727	48
728	51
729	59
730	44
731	59
732	45
733	50
734	57
735	52
736	40
737	57
738	50
739	52
740	49
741	54
742	43
743	47
744	54
745	47
746	67
747	39
748	49
749	48
750	46
751	62
752	37
753	50
754	46
755	39
756	53
757	42
758	51
759	54
760	64
761	52
762	52
763	45
764	57
765	47
766	48
767	67
768	53
769	58
770	56
771	54
772	51
773	48
774	56
775	50
776	55
777	45
778	57
779	44
780	36
781	57
782	56
783	37
784	46
785	67
786	47
787	47
788	48
789	54
790	38
791	60
792	51
793	49
794	48
795	48
796	48
797	45
798	58
799	52
800	42
801	49
802	51
803	41
804	48
805	37
806	44
807	50
808	52
809	46
810	54
811	51
812	51
813	46
814	40
815	50
816	53
817	49
818	54
819	48
820	48
821	41
822	42
823	40
824	45
825	56
826	57
827	44
828	44
829	47
830	46
831	46
832	46
833	53
834	45
835	46
836	48
837	53
838	51
839	50
840	73
841	53
842	44
843	56
844	49
845	54
846	63
847	63
848	57
849	43
850	52
851	53
852	40
853	44
854	61
855	46
856	58
857	58
858	53
859	54
860	45
861	68
862	52
863	52
864	48
865	59
866	41
867	58
868	49
869	46
870	59
871	48
872	52
873	46
874	46
875	51
876	57
877	47
878	45
879	52
880	57
881	68
882	53
883	42
884	58
885	40
886	55
887	63
888	45
889	55
890	64
891	55
892	37
893	54
894	60
895	49
896	50
897	39
898	61
899	56
900	69
901	51
902	62
903	52
904	55
905	63
906	50
907	44
908	58
909	62
910	53
911	47
912	50
913	46
914	67
915	67
916	48
917	51
918	61
919	50
920	63
921	53
922	46
923	52
924	59
925	55
926	51
927	55
928	51
929	55
930	61
931	52
932	57
933	49
934	65
935	48
936	57
937	44
938	56
939	54
940	56
941	53
942	49
943	58
944	55
945	54
946	57
947	57
948	56
949	62
950	55
951	49
952	52
953	52
954	53
955	57
956	64
957	58
958	47
959	64
960	62
961	56
962	44
963	56
964	46
965	61
966	63
967	70
968	53
969	55
970	45
971	56
972	42
973	71
974	66
975	69
976	50
977	63
978	59
979	64
980	61
981	59
982	59
983	59
984	58
985	50
986	53
987	67
988	54
989	52
990	57
991	50
992	41
993	62
994	54
995	49
996	48
997	44
998	48
999	61
1000	45
1001	50
1002	48
1003	61
1004	51
1005	42
1006	55
1007	39
1008	40
1009	47
1010	43
1011	40
1012	39
1013	40
1014	40
1015	38
1016	41
1017	39
1018	38
1019	41
1020	28
1021	42
1022	45
1023	33
1024	37
1025	35
1026	33
1027	45
1028	38
1029	38
1030	31
1031	39
1032	43
1033	31
1034	34
1035	36
1036	38
1037	40
1038	41
1039	33
1040	32
1041	28
1042	25
1043	38
1044	35
1045	38
1046	33
1047	37
1048	53
1049	31
1050	38
1051	39
1052	40
1053	28
1054	19
1055	33
1056	24
1057	40
1058	34
1059	26
1060	25
1061	33
1062	39
1063	26
1064	31
1065	33
1066	39
1067	29
1068	34
1069	32
1070	31
1071	41
1072	35
1073	28
1074	35
1075	38
1076	34
1077	27
1078	23
1079	29
1080	30
1081	26
1082	29
1083	27
1084	29
1085	32
1086	28
1087	31
1088	25
1089	27
1090	39
1091	19
1092	22
1093	28
1094	29
1095	32
1096	23
1097	33
1098	36
1099	19
1100	26
1101	22
1102	26
1103	29
1104	24
1105	21
1106	16
1107	30
1108	27
1109	26
1110	27
1111	25
1112	38
1113	22
1114	27
1115	29
1116	36
1117	26
1118	27
1119	32
1120	30
1121	23
1122	29
1123	13
1124	22
1125	25
1126	26
1127	32
1128	19
1129	25
1130	27
1131	28
1132	26
1133	27
1134	25
1135	30
1136	28
1137	15
1138	23
1139	25
1140	20
1141	25
1142	33
1143	17
1144	30
1145	13
1146	24
1147	26
1148	16
1149	33
1150	25
1151	23
1152	13
1153	26
1154	27
1155	32
1156	38
1157	18
1158	23
1159	27
1160	29
1161	25
1162	17
1163	20
1164	23
1165	25
1166	18
1167	17
1168	20
1169	24
1170	30
1171	25
1172	19
1173	26
1174	16
1175	20
1176	23
1177	23
1178	23
1179	23
1180	25
1181	14
1182	15
1183	20
1184	15
1185	20
1186	18
1187	26
1188	14
1189	22
1190	18
1191	24
1192	21
1193	21
1194	24
1195	20
1196	11
1197	15
1198	17
1199	12
1200	24
1201	23
1202	23
1203	15
1204	10
1205	22
1206	18
1207	15
1208	18
1209	10
1210	19
1211	19
1212	12
1213	18
1214	18
1215	18
1216	17
1217	12
1218	19
1219	18
1220	24
1221	20
1222	17
1223	14
1224	20
1225	19
1226	13
1227	17
1228	12
1229	17
1230	13
1231	13
1232	19
1233	18
1234	17
1235	14
1236	13
1237	18
1238	25
1239	19
1240	18
1241	26
1242	20
1243	25
1244	23
1245	15
1246	23
1247	18
1248	20
1249	23
1250	17
1251	19
1252	20
1253	18
1254	14
1255	16
1256	19
1257	20
1258	14
1259	11
1260	26
1261	18
1262	21
1263	19
1264	18
1265	15
1266	9
1267	23
1268	17
1269	17
1270	16
1271	15
1272	22
1273	20
1274	21
1275	20
1276	16
1277	20
1278	16
1279	24
1280	17
1281	19
1282	24
1283	25
1284	21
1285	21
1286	18
1287	15
1288	16
1289	14
1290	20
1291	18
1292	16
1293	20
1294	17
1295	15
1296	16
1297	14
1298	17
1299	22
1300	15
1301	16
1302	21
1303	13
1304	10
1305	16
1306	16
1307	20
1308	17
1309	19
1310	21
1311	11
1312	11
1313	27
1314	14
1315	14
1316	18
1317	21
1318	13
1319	16
1320	19
1321	16
1322	13
1323	20
1324	19
1325	19
1326	25
1327	22
1328	15
1329	17
1330	21
1331	27
1332	15
1333	16
1334	15
1335	15
1336	13
1337	14
1338	15
1339	17
1340	18
1341	18
1342	21
1343	20
1344	21
1345	15
1346	18
1347	15
1348	13
1349	17
1350	13
1351	16
1352	12
1353	18
1354	27
1355	17
1356	14
1357	11
1358	14
1359	13
1360	13
1361	22
1362	18
1363	15
1364	12
1365	16
1366	17
1367	14
1368	12
1369	19
1370	14
1371	13
1372	10
1373	20
1374	17
1375	18
1376	9
1377	9
1378	22
1379	21
1380	15
1381	20
1382	12
1383	19
1384	13
1385	18
1386	16
1387	12
1388	16
1389	21
1390	13
1391	9
1392	20
1393	18
1394	17
1395	13
1396	12
1397	16
1398	16
1399	10
1400	11
1401	14
1402	11
1403	13
1404	21
1405	17
1406	15
1407	13
1408	15
1409	17
1410	12
1411	18
1412	16
1413	14
1414	12
1415	14
1416	20
1417	19
1418	15
1419	16
1420	20
1421	11
1422	18
1423	10
1424	10
1425	14
1426	20
1427	15
1428	14
1429	7
1430	14
1431	11
1432	16
1433	22
1434	18
1435	12
1436	16
1437	11
1438	23
1439	19
1440	15
1441	13
1442	12
1443	15
1444	20
1445	19
1446	11
1447	18
1448	14
1449	16
1450	11
1451	18
1452	9
1453	18
1454	15
1455	13
1456	12
1457	17
1458	16
1459	11
1460	16
1461	11
1462	10
1463	14
1464	14
1465	11
1466	14
1467	10
1468	16
1469	17
1470	10
1471	21
1472	13
1473	19
1474	22
1475	9
1476	22
1477	15
1478	20
1479	12
1480	18
1481	19
1482	14
1483	17
1484	18
1485	13
1486	16
1487	23
1488	22
1489	14
1490	10
1491	15
1492	14
1493	24
1494	21
1495	28
1496	30
1497	25
1498	39
1499	45
1500	73
1501	97
1502	184
1503	378
1504	639
1505	1056
1506	1293
1507	1578
1508	1772
1509	1729
1510	1561
1511	1318
1512	1016
1513	668
1514	353
1515	213
1516	90
1517	65
1518	52
1519	32
1520	35
1521	14
1522	15
1523	22
1524	7
1525	16
1526	16
1527	11
1528	4
1529	6
1530	7
1531	7
1532	12
1533	8
1534	7
1535	5
1536	11
1537	12
1538	9
1539	12
1540	12
1541	7
1542	4
1543	2
1544	9
1545	3
1546	8
1547	7
1548	8
1549	14
1550	10
1551	7
1552	8
1553	9
1554	9
1555	8
1556	7
1557	6
1558	6
1559	5
1560	6
1561	10
1562	6
1563	4
1564	10
1565	13
1566	7
1567	6
1568	8
1569	8
1570	9
1571	9
1572	6
1573	9
1574	7
1575	12
1576	10
1577	11
1578	13
1579	7
1580	6
1581	5
1582	7
1583	6
1584	5
1585	2
1586	8
1587	5
1588	6
1589	6
1590	5
1591	12
1592	7
1593	3
1594	9
1595	5
1596	3
1597	7
1598	9
1599	5
1600	5
1601	7
1602	6
1603	5
1604	6
1605	8
1606	8
1607	7
1608	12
1609	18
1610	5
1611	8
1612	7
1613	6
1614	9
1615	4
1616	6
1617	8
1618	10
1619	6
1620	11
1621	10
1622	4
1623	2
1624	8
1625	5
1626	4
1627	7
1628	9
1629	8
1630	9
1631	3
1632	12
1633	10
1634	9
1635	7
1636	3
1637	13
1638	5
1639	5
1640	10
1641	8
1642	10
1643	3
1644	12
1645	10
1646	5
1647	11
1648	6
1649	6
1650	7
1651	5
1652	6
1653	11
1654	6
1655	8
1656	7
1657	7
1658	6
1659	5
1660	5
1661	8
1662	4
1663	7
1664	6
1665	3
1666	6
1667	5
1668	6
1669	2
1670	4
1671	7
1672	4
1673	5
1674	3
1675	4
1676	2
1677	11
1678	7
1679	3
1680	4
1681	2
1682	3
1683	8
1684	7
1685	3
1686	4
1687	13
1688	7
1689	8
1690	8
1691	10
1692	6
1693	6
1694	7
1695	9
1696	6
1697	7
1698	4
1699	5
1700	7
1701	7
1702	4
1703	4
1704	7
1705	9
1706	9
1707	7
1708	4
1709	10
1710	5
1711	8
1712	3
1713	5
1714	9
1715	9
1716	9
1717	16
1718	2
1719	6
1720	9
1721	13
1722	7
1723	7
1724	7
1725	7
1726	5
1727	4
1728	9
1729	7
1730	7
1731	8
1732	7
1733	9
1734	5
1735	8
1736	9
1737	3
1738	5
1739	6
1740	4
1741	9
1742	6
1743	7
1744	5
1745	7
1746	10
1747	6
1748	7
1749	10
1750	10
1751	4
1752	2
1753	9
1754	4
1755	4
1756	10
1757	4
1758	2
1759	2
1760	4
1761	7
1762	7
1763	8
1764	8
1765	5
1766	4
1767	4
1768	6
1769	2
1770	9
1771	8
1772	10
1773	11
1774	6
1775	3
1776	8
1777	5
1778	9
1779	9
1780	13
1781	3
1782	5
1783	3
1784	5
1785	7
1786	10
1787	7
1788	7
1789	7
1790	4
1791	7
1792	9
1793	8
1794	5
1795	6
1796	10
1797	9
1798	9
1799	11
1800	6
1801	8
1802	8
1803	10
1804	6
1805	6
1806	7
1807	8
1808	5
1809	6
1810	8
1811	5
1812	4
1813	5
1814	5
1815	8
1816	10
1817	5
1818	10
1819	8
1820	8
1821	6
1822	11
1823	13
1824	9
1825	5
1826	10
1827	4
1828	7
1829	6
1830	4
1831	7
1832	11
1833	9
1834	11
1835	7
1836	7
1837	5
1838	5
1839	8
1840	8
1841	9
1842	8
1843	10
1844	7
1845	7
1846	6
1847	4
1848	9
1849	5
1850	5
1851	5
1852	6
1853	6
1854	9
1855	9
1856	9
1857	6
1858	2
1859	7
1860	7
1861	5
1862	7
1863	7
1864	3
1865	4
1866	5
1867	6
1868	9
1869	9
1870	5
1871	7
1872	4
1873	7
1874	6
1875	5
1876	6
1877	7
1878	6
1879	4
1880	5
1881	4
1882	6
1883	10
1884	6
1885	7
1886	7
1887	8
1888	9
1889	3
1890	5
1891	3
1892	10
1893	6
1894	3
1895	9
1896	6
1897	5
1898	6
1899	7
1900	7
1901	7
1902	4
1903	5
1904	8
1905	8
1906	7
1907	4
1908	2
1909	6
1910	11
1911	5
1912	4
1913	4
1914	14
1915	2
1916	5
1917	7
1918	7
1919	5
1920	5
1921	6
1922	6
1923	6
1924	6
1925	7
1926	5
1927	10
1928	3
1929	11
1930	7
1931	8
1932	2
1933	8
1934	6
1935	10
1936	9
1937	9
1938	5
1939	5
1940	10
1941	10
1942	4
1943	4
1944	5
1945	4
1946	3
1947	7
1948	6
1949	5
1950	11
1951	10
1952	9
1953	7
1954	5
1955	12
1956	10
1957	8
1958	6
1959	9
1960	6
1961	6
1962	3
1963	8
1964	10
1965	4
1966	7
1967	7
1968	2
1969	8
1970	5
1971	9
1972	5
1973	8
1974	9
1975	5
1976	11
1977	3
1978	7
1979	4
1980	5
1981	5
1982	10
1983	5
1984	7
1985	6
1986	6
1987	8
1988	10
1989	4
1990	4
1991	5
1992	10
1993	5
1994	6
1995	1
1996	5
1997	8
1998	12
1999	9
2000	7
2001	7
2002	5
2003	6
2004	5
2005	3
2006	6
2007	12
2008	7
2009	4
2010	6
2011	4
2012	7
2013	6
2014	6
2015	4
2016	5
2017	7
2018	4
2019	5
2020	9
2021	9
2022	6
2023	3
2024	7
2025	5
2026	13
2027	6
2028	5
2029	2
2030	8
2031	9
2032	3
2033	9
2034	4
2035	3
2036	4
2037	4
2038	16
2039	5
2040	7
2041	10
2042	6
2043	5
2044	9
2045	3
2046	6
2047	5
2048	6
2049	7
2050	5
2051	5
2052	5
2053	5
2054	6
2055	7
2056	7
2057	10
2058	6
2059	6
2060	8
2061	4
2062	4
2063	6
2064	9
2065	8
2066	5
2067	3
2068	4
2069	7
2070	5
2071	4
2072	10
2073	10
2074	6
2075	6
2076	7
2077	6
2078	6
2079	7
2080	7
2081	8
2082	11
2083	7
2084	7
2085	6
2086	5
2087	7
2088	8
2089	6
2090	4
2091	6
2092	6
2093	7
2094	6
2095	9
2096	9
2097	8
2098	4
2099	10
2100	5
2101	6
2102	9
2103	5
2104	6
2105	6
2106	3
2107	5
2108	3
2109	8
2110	7
2111	4
2112	2
2113	12
2114	10
2115	6
2116	7
2117	7
2118	4
2119	14
2120	4
2121	4
2122	4
2123	8
2124	7
2125	3
2126	6
2127	11
2128	9
2129	7
2130	7
2131	7
2132	6
2133	8
2134	10
2135	4
2136	6
2137	7
2138	10
2139	5
2140	7
2141	10
2142	11
2143	7
2144	5
2145	1
2146	12
2147	5
2148	6
2149	10
2150	7
2151	10
2152	5
2153	4
2154	8
2155	5
2156	11
2157	6
2158	6
2159	6
2160	5
2161	3
2162	4
2163	2
2164	4
2165	6
2166	6
2167	5
2168	6
2169	7
2170	9
2171	7
2172	5
2173	9
2174	8
2175	4
2176	13
2177	5
2178	6
2179	7
2180	8
2181	6
2182	6
2183	6
2184	10
2185	6
2186	5
2187	3
2188	4
2189	4
2190	6
2191	12
2192	10
2193	10
2194	9
2195	3
2196	7
2197	7
2198	3
2199	6
2200	4
2201	1
2202	5
2203	3
2204	6
2205	5
2206	6
2207	12
2208	6
2209	6
2210	11
2211	7
2212	5
2213	6
2214	3
2215	5
2216	8
2217	4
2218	7
2219	3
2220	5
2221	9
2222	2
2223	4
2224	4
2225	6
2226	5
2227	7
2228	4
2229	9
2230	10
2231	5
2232	6
2233	7
2234	5
2235	6
2236	8
2237	8
2238	4
2239	3
2240	5
2241	6
2242	4
2243	9
2244	7
2245	13
2246	9
2247	7
2248	7
2249	3
2250	10
2251	9
2252	9
2253	6
2254	7
2255	7
2256	7
2257	5
2258	6
2259	9
2260	8
2261	9
2262	7
2263	13
2264	8
2265	7
2266	10
2267	9
2268	4
2269	7
2270	9
2271	8
2272	8
2273	8
2274	6
2275	6
2276	7
2277	7
2278	7
2279	5
2280	3
2281	12
2282	4
2283	5
2284	8
2285	13
2286	5
2287	3
2288	9
2289	7
2290	5
2291	5
2292	9
2293	6
2294	4
2295	2
2296	12
2297	8
2298	4
2299	9
2300	7
2301	10
2302	4
2303	5
2304	4
2305	10
2306	6
2307	8
2308	7
2309	6
2310	8
2311	4
2312	6
2313	6
2314	3
2315	4
2316	5
2317	6
2318	2
2319	5
2320	10
2321	5
2322	11
2323	8
2324	4
2325	9
2326	7
2327	6
2328	11
2329	6
2330	4
2331	5
2332	10
2333	7
2334	5
2335	3
2336	11
2337	5
2338	6
2339	7
2340	5
2341	6
2342	7
2343	6
2344	4
2345	9
2346	2
2347	6
2348	5
2349	4
2350	7
2351	6
2352	3
2353	5
2354	11
2355	6
2356	12
2357	7
2358	7
2359	7
2360	8
2361	10
2362	3
2363	6
2364	4
2365	6
2366	7
2367	9
2368	5
2369	10
2370	9
2371	12
2372	5
2373	8
2374	9
2375	7
2376	4
2377	10
2378	5
2379	10
2380	7
2381	5
2382	2
2383	8
2384	7
2385	10
2386	4
2387	3
2388	8
2389	10
2390	4
2391	3
2392	6
2393	12
2394	6
2395	8
2396	6
2397	7
2398	7
2399	6
2400	5
2401	5
2402	6
2403	7
2404	8
2405	7
2406	2
2407	4
2408	5
2409	3
2410	9
2411	7
2412	9
2413	5
2414	8
2415	11
2416	6
2417	6
2418	10
2419	4
2420	5
2421	9
2422	6
2423	4
2424	7
2425	4
2426	5
2427	9
2428	6
2429	7
2430	5
2431	10
2432	7
2433	5
2434	2
2435	4
2436	7
2437	4
2438	10
2439	4
2440	6
2441	6
2442	8
2443	8
2444	5
2445	7
2446	7
2447	9
2448	8
2449	3
2450	5
2451	5
2452	1
2453	8
2454	9
2455	8
2456	4
2457	8
2458	8
2459	4
2460	6
2461	6
2462	5
2463	11
2464	7
2465	6
2466	8
2467	5
2468	15
2469	9
2470	4
2471	7
2472	4
2473	6
2474	11
2475	6
2476	5
2477	7
2478	9
2479	5
2480	8
2481	6
2482	7
2483	12
2484	8
2485	7
2486	10
2487	7
2488	12
2489	7
2490	5
2491	5
2492	6
2493	9
2494	6
2495	9
2496	6
2497	7
2498	6
2499	8
2500	6
2501	5
2502	9
2503	9
2504	10
2505	11
2506	5
2507	8
2508	4
2509	10
2510	13
2511	7
2512	8
2513	2
2514	10
2515	8
2516	7
2517	3
2518	3
2519	5
2520	5
2521	5
2522	6
2523	8
2524	4
2525	7
2526	9
2527	7
2528	11
2529	5
2530	6
2531	8
2532	9
2533	8
2534	8
2535	5
2536	8
2537	6
2538	6
2539	4
2540	7
2541	6
2542	7
2543	2
2544	5
2545	6
2546	5
2547	9
2548	11
2549	8
2550	8
2551	6
2552	6
2553	6
2554	3
2555	5
2556	6
2557	8
2558	7
2559	7
2560	2
2561	4
2562	11
2563	10
2564	10
2565	11
2566	10
2567	6
2568	8
2569	7
2570	6
2571	11
2572	7
2573	6
2574	4
2575	6
2576	6
2577	12
2578	5
2579	8
2580	11
2581	8
2582	5
2583	4
2584	5
2585	7
2586	11
2587	4
2588	5
2589	3
2590	9
2591	6
2592	8
2593	0
2594	10
2595	13
2596	6
2597	5
2598	8
2599	6
2600	5
2601	6
2602	9
2603	4
2604	9
2605	9
2606	8
2607	1
2608	6
2609	2
2610	13
2611	6
2612	8
2613	6
2614	7
2615	12
2616	15
2617	14
2618	6
2619	7
2620	9
2621	5
2622	10
2623	7
2624	12
2625	9
2626	11
2627	5
2628	6
2629	6
2630	12
2631	4
2632	12
2633	6
2634	10
2635	13
2636	9
2637	7
2638	7
2639	9
2640	7
2641	5
2642	7
2643	8
2644	5
2645	7
2646	5
2647	7
2648	8
2649	11
2650	8
2651	10
2652	9
2653	4
2654	5
2655	7
2656	9
2657	5
2658	6
2659	13
2660	8
2661	12
2662	9
2663	7
2664	9
2665	9
2666	7
2667	3
2668	10
2669	1
2670	1
2671	8
2672	15
2673	8
2674	11
2675	2
2676	6
2677	10
2678	10
2679	6
2680	7
2681	6
2682	8
2683	3
2684	9
2685	8
2686	6
2687	7
2688	6
2689	6
2690	9
2691	8
2692	3
2693	8
2694	4
2695	10
2696	5
2697	10
2698	8
2699	9
2700	7
2701	8
2702	16
2703	12
2704	9
2705	8
2706	9
2707	8
2708	11
2709	9
2710	6
2711	8
2712	10
2713	8
2714	11
2715	10
2716	9
2717	6
2718	9
2719	7
2720	10
2721	6
2722	8
2723	13
2724	8
2725	10
2726	9
2727	6
2728	11
2729	7
2730	9
2731	12
2732	10
2733	11
2734	8
2735	4
2736	7
2737	10
2738	7
2739	8
2740	4
2741	12
2742	10
2743	5
2744	4
2745	7
2746	6
2747	8
2748	11
2749	7
2750	12
2751	11
2752	7
2753	9
2754	11
2755	9
2756	6
2757	9
2758	8
2759	8
2760	6
2761	8
2762	4
2763	6
2764	6
2765	11
2766	6
2767	7
2768	4
2769	5
2770	9
2771	12
2772	6
2773	13
2774	3
2775	8
2776	3
2777	10
2778	8
2779	8
2780	5
2781	9
2782	8
2783	6
2784	6
2785	11
2786	5
2787	7
2788	16
2789	11
2790	4
2791	9
2792	9
2793	10
2794	11
2795	11
2796	10
2797	8
2798	10
2799	5
2800	7
2801	10
2802	7
2803	8
2804	12
2805	9
2806	7
2807	5
2808	10
2809	7
2810	13
2811	6
2812	7
2813	11
2814	10
2815	6
2816	9
2817	8
2818	9
2819	13
2820	7
2821	6
2822	9
2823	10
2824	9
2825	7
2826	7
2827	9
2828	11
2829	8
2830	6
2831	10
2832	14
2833	12
2834	13
2835	9
2836	10
2837	7
2838	13
2839	7
2840	7
2841	12
2842	3
2843	16
2844	6
2845	6
2846	9
2847	9
2848	12
2849	10
2850	17
2851	11
2852	10
2853	9
2854	8
2855	6
2856	9
2857	13
2858	11
2859	10
2860	9
2861	13
2862	7
2863	9
2864	10
2865	7
2866	10
2867	3
2868	8
2869	15
2870	8
2871	11
2872	8
2873	8
2874	5
2875	10
2876	5
2877	11
2878	9
2879	13
2880	8
2881	8
2882	6
2883	8
2884	11
2885	9
2886	6
2887	12
2888	10
2889	15
2890	8
2891	5
2892	4
2893	10
2894	5
2895	8
2896	7
2897	13
2898	9
2899	5
2900	13
2901	11
2902	8
2903	6
2904	11
2905	11
2906	8
2907	10
2908	14
2909	14
2910	9
2911	8
2912	13
2913	13
2914	10
2915	11
2916	12
2917	12
2918	10
2919	7
2920	10
2921	11
2922	9
2923	12
2924	15
2925	15
2926	7
2927	8
2928	11
2929	5
2930	6
2931	10
2932	12
2933	5
2934	7
2935	10
2936	11
2937	7
2938	11
2939	13
2940	4
2941	14
2942	7
2943	12
2944	7
2945	7
2946	10
2947	8
2948	13
2949	10
2950	6
2951	10
2952	6
2953	13
2954	13
2955	11
2956	13
2957	14
2958	10
2959	12
2960	13
2961	7
2962	8
2963	14
2964	14
2965	15
2966	14
2967	7
2968	10
2969	13
2970	6
2971	10
2972	10
2973	11
2974	19
2975	12
2976	9
2977	13
2978	12
2979	12
2980	9
2981	12
2982	7
2983	8
2984	12
2985	15
2986	5
2987	7
2988	11
2989	7
2990	16
2991	10
2992	14
2993	13
2994	18
2995	13
2996	9
2997	12
2998	9
2999	4
3000	9
3001	11
3002	6
3003	10
3004	13
3005	10
3006	9
3007	12
3008	8
3009	8
3010	12
3011	10
3012	5
3013	14
3014	6
3015	13
3016	11
3017	17
3018	7
3019	9
3020	10
3021	6
3022	12
3023	15
3024	9
3025	10
3026	14
3027	9
3028	13
3029	8
3030	10
3031	5
3032	16
3033	16
3034	10
3035	9
3036	10
3037	9
3038	11
3039	16
3040	14
3041	15
3042	12
3043	10
3044	13
3045	10
3046	18
3047	7
3048	7
3049	7
3050	13
3051	14
3052	9
3053	18
3054	7
3055	15
3056	16
3057	14
3058	9
3059	8
3060	11
3061	13
3062	11
3063	15
3064	13
3065	15
3066	8
3067	10
3068	6
3069	11
3070	17
3071	5
3072	14
3073	7
3074	12
3075	15
3076	10
3077	10
3078	14
3079	15
3080	9
3081	14
3082	14
3083	8
3084	11
3085	10
3086	9
3087	11
3088	10
3089	9
3090	8
3091	12
3092	21
3093	9
3094	10
3095	19
3096	13
3097	8
3098	12
3099	18
3100	7
3101	11
3102	10
3103	12
3104	7
3105	6
3106	9
3107	11
3108	17
3109	14
3110	12
3111	9
3112	15
3113	11
3114	7
3115	14
3116	14
3117	10
3118	11
3119	21
3120	12
3121	10
3122	10
3123	13
3124	17
3125	10
3126	10
3127	13
3128	8
3129	11
3130	8
3131	11
3132	11
3133	10
3134	16
3135	14
3136	6
3137	14
3138	13
3139	12
3140	5
3141	12
3142	6
3143	5
3144	6
3145	6
3146	13
3147	12
3148	7
3149	7
3150	4
3151	10
3152	8
3153	6
3154	7
3155	8
3156	3
3157	11
3158	9
3159	5
3160	6
3161	4
3162	6
3163	9
3164	6
3165	9
3166	7
3167	3
3168	8
3169	4
3170	8
3171	5
3172	10
3173	8
3174	7
3175	6
3176	7
3177	6
3178	11
3179	10
3180	6
3181	4
3182	2
3183	4
3184	10
3185	7
3186	7
3187	9
3188	10
3189	5
3190	12
3191	6
3192	9
3193	3
3194	4
3195	9
3196	5
3197	5
3198	6
3199	6
3200	7
3201	9
3202	7
3203	9
3204	4
3205	5
3206	8
3207	6
3208	7
3209	2
3210	6
3211	5
3212	8
3213	2
3214	6
3215	3
3216	5
3217	11
3218	6
3219	5
3220	10
3221	5
3222	7
3223	7
3224	9
3225	9
3226	4
3227	2
3228	8
3229	4
3230	8
3231	9
3232	7
3233	9
3234	8
3235	7
3236	10
3237	8
3238	6
3239	5
3240	3
3241	7
3242	9
3243	2
3244	7
3245	8
3246	3
3247	12
3248	4
3249	4
3250	2
3251	5
3252	3
3253	6
3254	3
3255	5
3256	9
3257	7
3258	6
3259	6
3260	4
3261	8
3262	4
3263	1
3264	6
3265	4
3266	4
3267	7
3268	6
3269	3
3270	1
3271	8
3272	5
3273	7
3274	6
3275	2
3276	6
3277	5
3278	3
3279	3
3280	6
3281	10
3282	5
3283	4
3284	4
3285	6
3286	4
3287	4
3288	5
3289	7
3290	6
3291	4
3292	5
3293	8
3294	3
3295	1
3296	2
3297	2
3298	5
3299	2
3300	5
3301	8
3302	7
3303	6
3304	6
3305	5
3306	2
3307	10
3308	2
3309	1
3310	3
3311	5
3312	5
3313	5
3314	3
3315	5
3316	3
3317	4
3318	8
3319	8
3320	4
3321	4
3322	4
3323	2
3324	5
3325	3
3326	7
3327	2
3328	5
3329	6
3330	7
3331	7
3332	4
3333	3
3334	9
3335	5
3336	8
3337	3
3338	3
3339	6
3340	4
3341	1
3342	3
3343	2
3344	6
3345	6
3346	3
3347	6
3348	5
3349	4
3350	6
3351	5
3352	2
3353	4
3354	6
3355	3
3356	3
3357	5
3358	4
3359	3
3360	2
3361	2
3362	6
3363	2
3364	8
3365	5
3366	2
3367	3
3368	5
3369	6
3370	4
3371	4
3372	6
3373	1
3374	4
3375	6
3376	3
3377	2
3378	5
3379	4
3380	4
3381	4
3382	5
3383	5
3384	6
3385	2
3386	5
3387	1
3388	5
3389	3
3390	3
3391	4
3392	6
3393	2
3394	4
3395	1
3396	3
3397	3
3398	3
3399	2
3400	5
3401	2
3402	4
3403	4
3404	7
3405	2
3406	5
3407	4
3408	2
3409	1
3410	6
3411	2
3412	5
3413	3
3414	2
3415	6
3416	2
3417	5
3418	4
3419	2
3420	1
3421	1
3422	3
3423	1
3424	3
3425	3
3426	3
3427	0
3428	3
3429	2
3430	4
3431	2
3432	2
3433	2
3434	3
3435	4
3436	1
3437	2
3438	5
3439	2
3440	2
3441	2
3442	1
3443	4
3444	3
3445	6
3446	1
3447	2
3448	3
3449	4
3450	2
3451	0
3452	1
3453	2
3454	1
3455	1
3456	2
3457	4
3458	3
3459	3
3460	2
3461	2
3462	3
3463	0
3464	0
3465	1
3466	1
3467	2
3468	4
3469	1
3470	2
3471	4
3472	1
3473	1
3474	0
3475	1
3476	2
3477	3
3478	1
3479	3
3480	2
3481	3
3482	2
3483	4
3484	4
3485	2
3486	3
3487	3
3488	1
3489	0
3490	1
3491	4
3492	1
3493	6
3494	2
3495	3
3496	1
3497	2
3498	4
3499	2
3500	1
3501	2
3502	2
3503	2
3504	2
3505	1
3506	3
3507	3
3508	0
3509	3
3510	3
3511	0
3512	1
3513	1
3514	2
3515	1
3516	3
3517	1
3518	2
3519	3
3520	1
3521	2
3522	3
3523	3
3524	1
3525	0
3526	1
3527	1
3528	1
3529	3
3530	4
3531	1
3532	1
3533	4
3534	1
3535	4
3536	3
3537	3
3538	2
3539	2
3540	0
3541	1
3542	3
3543	1
3544	2
3545	1
3546	2
3547	4
3548	2
3549	1
3550	2
3551	2
3552	2
3553	2
3554	2
3555	1
3556	2
3557	0
3558	2
3559	1
3560	0
3561	5
3562	2
3563	1
3564	0
3565	2
3566	3
3567	1
3568	0
3569	0
3570	4
3571	2
3572	3
3573	2
3574	3
3575	5
3576	2
3577	1
3578	2
3579	2
3580	0
3581	2
3582	2
3583	0
3584	0
3585	2
3586	2
3587	2
3588	1
3589	1
3590	0
3591	0
3592	1
3593	3
3594	1
3595	2
3596	5
3597	2
3598	1
3599	2
3600	4
3601	2
3602	1
3603	2
3604	0
3605	1
3606	2
3607	2
3608	3
3609	1
3610	1
3611	3
3612	1
3613	2
3614	0
3615	3
3616	1
3617	2
3618	3
3619	1
3620	3
3621	2
3622	1
3623	2
3624	2
3625	1
3626	1
3627	1
3628	1
3629	0
3630	2
3631	1
3632	0
3633	2
3634	2
3635	0
3636	1
3637	1
3638	2
3639	1
3640	0
3641	5
3642	1
3643	1
3644	4
3645	1
3646	3
3647	3
3648	2
3649	0
3650	1
3651	2
3652	2
3653	0
3654	1
3655	2
3656	0
3657	3
3658	4
3659	0
3660	1
3661	0
3662	2
3663	1
3664	1
3665	1
3666	1
3667	2
3668	3
3669	3
3670	1
3671	2
3672	1
3673	2
3674	2
3675	2
3676	3
3677	1
3678	3
3679	1
3680	1
3681	1
3682	1
3683	1
3684	1
3685	2
3686	3
3687	0
3688	0
3689	1
3690	3
3691	3
3692	1
3693	2
3694	0
3695	0
3696	2
3697	2
3698	1
3699	0
3700	3
3701	1
3702	1
3703	0
3704	1
3705	1
3706	0
3707	2
3708	1
3709	0
3710	1
3711	1
3712	2
3713	3
3714	1
3715	1
3716	0
3717	0
3718	1
3719	2
3720	1
3721	2
3722	3
3723	4
3724	3
3725	0
3726	2
3727	0
3728	1
3729	0
3730	3
3731	0
3732	1
3733	2
3734	0
3735	1
3736	1
3737	2
3738	1
3739	0
3740	3
3741	2
3742	2
3743	1
3744	2
3745	1
3746	0
3747	3
3748	5
3749	1
3750	4
3751	2
3752	1
3753	2
3754	3
3755	1
3756	1
3757	3
3758	1
3759	2
3760	4
3761	5
3762	27
3763	88
3764	201
3765	403
3766	574
3767	668
3768	711
3769	526
3770	309
3771	153
3772	64
3773	8
3774	3
3775	5
3776	4
3777	1
3778	3
3779	1
3780	0
3781	1
3782	0
3783	0
3784	2
3785	0
3786	1
3787	0
3788	2
3789	3
3790	2
3791	2
3792	0
3793	0
3794	1
3795	3
3796	2
3797	0
3798	0
3799	2
3800	1
3801	2
3802	3
3803	0
3804	2
3805	1
3806	0
3807	3
3808	1
3809	1
3810	2
3811	2
3812	0
3813	1
3814	1
3815	1
3816	0
3817	1
3818	0
3819	0
3820	1
3821	0
3822	1
3823	2
3824	1
3825	0
3826	1
3827	1
3828	1
3829	2
3830	0
3831	2
3832	1
3833	0
3834	1
3835	0
3836	1
3837	1
3838	0
3839	1
3840	1
3841	1
3842	0
3843	1
3844	1
3845	4
3846	0
3847	1
3848	0
3849	0
3850	0
3851	1
3852	1
3853	1
3854	1
3855	1
3856	2
3857	1
3858	0
3859	1
3860	1
3861	0
3862	0
3863	0
3864	1
3865	1
3866	1
3867	1
3868	1
3869	0
3870	2
3871	2
3872	0
3873	0
3874	0
3875	0
3876	0
3877	1
3878	2
3879	1
3880	2
3881	3
3882	0
3883	1
3884	0
3885	0
3886	0
3887	1
3888	1
3889	1
3890	2
3891	0
3892	0
3893	0
3894	0
3895	1
3896	0
3897	2
3898	0
3899	0
3900	1
3901	0
3902	0
3903	0
3904	1
3905	0
3906	1
3907	0
3908	0
3909	2
3910	1
3911	1
3912	1
3913	1
3914	1
3915	2
3916	0
3917	1
3918	1
3919	0
3920	1
3921	1
3922	1
3923	0
3924	2
3925	1
3926	1
3927	0
3928	0
3929	1
3930	0
3931	1
3932	0
3933	1
3934	0
3935	0
3936	1
3937	0
3938	0
3939	1
3940	2
3941	2
3942	2
3943	0
3944	0
3945	1
3946	1
3947	0
3948	0
3949	1
3950	2
3951	0
3952	0
3953	0
3954	0
3955	1
3956	2
3957	0
3958	0
3959	1
3960	0
3961	1
3962	1
3963	1
3964	0
3965	1
3966	0
3967	0
3968	0
3969	0
3970	1
3971	0
3972	0
3973	0
3974	0
3975	1
3976	0
3977	0
3978	1
3979	0
3980	0
3981	0
3982	2
3983	1
3984	0
3985	1
3986	1
3987	2
3988	1
3989	1
3990	1
3991	0
3992	0
3993	0
3994	1
3995	2
3996	0
3997	0
3998	0
3999	0
4000	0
4001	0
4002	1
4003	0
4004	0
4005	0
4006	0
4007	1
4008	2
4009	0
4010	0
4011	0
4012	0
4013	1
4014	2
4015	0
4016	1
4017	1
4018	2
4019	0
4020	0
4021	1
4022	1
4023	0
4024	0
4025	0
4026	0
4027	1
4028	0
4029	2
4030	0
4031	1
4032	1
4033	1
4034	2
4035	0
4036	0
4037	0
4038	0
4039	0
4040	2
4041	0
4042	0
4043	0
4044	1
4045	0
4046	1
4047	1
4048	1
4049	0
4050	1
4051	1
4052	0
4053	1
4054	0
4055	1
4056	0
4057	1
4058	0
4059	1
4060	0
4061	0
4062	0
4063	1
4064	0
4065	0
4066	1
4067	0
4068	0
4069	0
4070	1
4071	1
4072	0
4073	0
4074	0
4075	0
4076	0
4077	0
4078	0
4079	0
4080	0
4081	1
4082	1
4083	1
4084	1
4085	1
4086	2
4087	0
4088	0
4089	0
4090	1
4091	0
4092	0
4093	0
4094	2
4095	0
4096	1
